 Raw Testing Data
103696 rec.autos rec.autos:0.8416940106322705 rec.motorcycles:0.13008370775914502 rec.sport.baseball:0.01770917851659484 rec.sport.hockey:0.010513103091989624 
103697 rec.autos rec.autos:0.859524241955165 rec.motorcycles:0.13421915233949766 rec.sport.hockey:0.0037315286172363814 rec.sport.baseball:0.0025250770881009715 
103698 rec.autos rec.autos:0.9999997299749818 rec.motorcycles:2.700109927649971E-7 rec.sport.hockey:9.720998289171286E-12 rec.sport.baseball:4.304528783205895E-12 
103699 rec.autos rec.autos:0.9999940861209619 rec.sport.baseball:2.687349955396654E-6 rec.motorcycles:2.2887409543653866E-6 rec.sport.hockey:9.377881284316736E-7 
103700 rec.autos rec.autos:0.9993294805839212 rec.sport.hockey:6.025392985916655E-4 rec.sport.baseball:4.951306262088415E-5 rec.motorcycles:1.8467054866163673E-5 
103701 rec.autos rec.autos:0.9852255133317869 rec.sport.baseball:0.007958639800978162 rec.sport.hockey:0.003956145830061298 rec.motorcycles:0.0028597010371738565 
103702 rec.autos rec.autos:0.9998680389597119 rec.motorcycles:1.2168607260285129E-4 rec.sport.baseball:8.661552401124277E-6 rec.sport.hockey:1.6134152842463983E-6 
103703 rec.autos rec.motorcycles:0.5466701804851465 rec.autos:0.45231488794474317 rec.sport.hockey:8.77306932735594E-4 rec.sport.baseball:1.376246373747076E-4 
103704 rec.autos rec.autos:0.9999915462998651 rec.motorcycles:8.377453744442194E-6 rec.sport.hockey:6.819920140768109E-8 rec.sport.baseball:8.04718879054317E-9 
103705 rec.autos rec.autos:0.9970221198470255 rec.motorcycles:0.0029372566721669177 rec.sport.hockey:3.9558800110833283E-5 rec.sport.baseball:1.0646806968019073E-6 
103706 rec.autos rec.sport.baseball:0.8079559997720815 rec.motorcycles:0.07938661732086705 rec.autos:0.0661385533509736 rec.sport.hockey:0.046518829556077834 
103707 rec.autos rec.autos:0.46061929542967645 rec.sport.baseball:0.3511770038080873 rec.sport.hockey:0.12403872003210765 rec.motorcycles:0.06416498073012855 
103708 rec.autos rec.autos:0.9998966284410127 rec.motorcycles:7.481746723728817E-5 rec.sport.baseball:2.6559891436339E-5 rec.sport.hockey:1.9942003137317125E-6 
103709 rec.autos rec.autos:0.9999999999138458 rec.motorcycles:8.615416354358603E-11 rec.sport.hockey:1.062587208444413E-16 rec.sport.baseball:2.1811113474418304E-21 
103710 rec.autos rec.autos:0.9997750351942382 rec.motorcycles:2.2252849070942635E-4 rec.sport.hockey:2.0784356981891035E-6 rec.sport.baseball:3.5787935422191296E-7 
103711 rec.autos rec.autos:0.8944542856586607 rec.sport.hockey:0.06595078849058326 rec.motorcycles:0.03158279395310634 rec.sport.baseball:0.008012131897649542 
103712 rec.autos rec.autos:0.9995238520629736 rec.motorcycles:4.7614599392261525E-4 rec.sport.hockey:1.355231491228426E-9 rec.sport.baseball:5.878722380680437E-10 
103713 rec.autos rec.autos:0.9652299828115584 rec.sport.baseball:0.026510189644922754 rec.motorcycles:0.006944037148256905 rec.sport.hockey:0.0013157903952621612 
103714 rec.autos rec.autos:0.6292833186375483 rec.sport.baseball:0.3325829212707383 rec.motorcycles:0.0324639463460282 rec.sport.hockey:0.0056698137456852775 
103715 rec.autos rec.autos:0.9885365230296168 rec.sport.hockey:0.009863211637549581 rec.motorcycles:0.0013759004029309247 rec.sport.baseball:2.2436492990266586E-4 
103716 rec.autos rec.autos:0.9996966806400702 rec.motorcycles:1.8349150992879223E-4 rec.sport.hockey:8.592907068312393E-5 rec.sport.baseball:3.3898779318041414E-5 
103717 rec.autos rec.autos:0.9984280665681338 rec.motorcycles:0.0012831482958678474 rec.sport.baseball:2.2003657545405534E-4 rec.sport.hockey:6.874856054440226E-5 
103718 rec.autos rec.autos:0.5740292433989473 rec.sport.baseball:0.2670124873319899 rec.motorcycles:0.09542243202641265 rec.sport.hockey:0.06353583724265013 
103719 rec.autos rec.autos:0.9954063949828956 rec.motorcycles:0.004219178752677904 rec.sport.hockey:2.5454889501451357E-4 rec.sport.baseball:1.1987736941185101E-4 
103720 rec.autos rec.autos:0.9962431851799508 rec.motorcycles:0.0037254509705471 rec.sport.hockey:2.7882328020070472E-5 rec.sport.baseball:3.4815214819624343E-6 
103721 rec.autos rec.autos:0.9936583271344693 rec.sport.baseball:0.003744097306175078 rec.sport.hockey:0.0018712366516254629 rec.motorcycles:7.263389077303296E-4 
103722 rec.autos rec.autos:0.8314367134931869 rec.sport.baseball:0.08111960429738008 rec.motorcycles:0.059159837037959934 rec.sport.hockey:0.028283845171473164 
103723 rec.autos rec.autos:0.9983760643199049 rec.motorcycles:0.0014419607353418143 rec.sport.baseball:9.953185927064717E-5 rec.sport.hockey:8.244308548263398E-5 
103724 rec.autos rec.autos:0.7829242778244142 rec.motorcycles:0.11271650576006373 rec.sport.baseball:0.10170358439589329 rec.sport.hockey:0.002655632019628549 
103725 rec.autos rec.autos:0.9997041519937321 rec.sport.hockey:2.538940029376813E-4 rec.sport.baseball:3.481578994669321E-5 rec.motorcycles:7.1382133836681155E-6 
103726 rec.autos rec.autos:0.9999010826295189 rec.motorcycles:9.253339802301506E-5 rec.sport.hockey:5.103874661925536E-6 rec.sport.baseball:1.2800977960040491E-6 
103727 rec.autos rec.autos:0.9992896530214037 rec.motorcycles:3.460894910847108E-4 rec.sport.hockey:1.8516086454499513E-4 rec.sport.baseball:1.7909662296668977E-4 
103728 rec.autos rec.autos:0.7294472316429363 rec.sport.baseball:0.1461777525049117 rec.motorcycles:0.11235627299864083 rec.sport.hockey:0.012018742853511077 
103729 rec.autos rec.autos:0.9833308332942992 rec.motorcycles:0.012220223329112809 rec.sport.hockey:0.0024752352349615 rec.sport.baseball:0.0019737081416264313 
103731 rec.autos rec.autos:0.9586901767744163 rec.motorcycles:0.037381457255123304 rec.sport.hockey:0.003752560294692392 rec.sport.baseball:1.7580567576793224E-4 
103732 rec.autos rec.autos:0.9996242656385297 rec.motorcycles:3.7572946168650266E-4 rec.sport.baseball:4.872057614075138E-9 rec.sport.hockey:2.7726348455980136E-11 
103733 rec.autos rec.autos:0.699189037427393 rec.motorcycles:0.28379794069708497 rec.sport.hockey:0.008757951051153843 rec.sport.baseball:0.008255070824368164 
103734 rec.autos rec.autos:0.9742141299138417 rec.motorcycles:0.017589253787469273 rec.sport.baseball:0.007845376265720568 rec.sport.hockey:3.5124003296818656E-4 
103735 rec.autos rec.autos:0.999999924058758 rec.motorcycles:7.593990919977003E-8 rec.sport.hockey:1.2426613006666147E-12 rec.sport.baseball:9.013201337056858E-14 
103736 rec.autos rec.autos:0.9704998958110944 rec.motorcycles:0.012540951258927008 rec.sport.hockey:0.009894676454704597 rec.sport.baseball:0.007064476475274193 
103737 rec.autos rec.motorcycles:0.8257828730370967 rec.autos:0.16648277962234753 rec.sport.hockey:0.005825646385902596 rec.sport.baseball:0.0019087009546531377 
103738 rec.autos rec.autos:0.9956289815038633 rec.motorcycles:0.004335536916159891 rec.sport.hockey:2.4097633296433096E-5 rec.sport.baseball:1.1383946680381379E-5 
103739 rec.autos rec.autos:1.0 rec.motorcycles:9.486691158949035E-17 rec.sport.baseball:4.8845172649062025E-27 rec.sport.hockey:2.8705585949853007E-27 
103740 rec.autos rec.autos:0.9988515030193138 rec.motorcycles:8.981428507841052E-4 rec.sport.hockey:2.4064961306716266E-4 rec.sport.baseball:9.704516834928733E-6 
103741 rec.autos rec.autos:0.9999802071253291 rec.motorcycles:1.9777755281896718E-5 rec.sport.hockey:1.0568442101665258E-8 rec.sport.baseball:4.550946904903974E-9 
103742 rec.autos rec.autos:0.9999977502401948 rec.motorcycles:2.2400691886925617E-6 rec.sport.baseball:6.0333581402093895E-9 rec.sport.hockey:3.6572581715406906E-9 
103743 rec.autos rec.autos:0.999999958149582 rec.motorcycles:4.133204143241606E-8 rec.sport.baseball:4.4092137170157216E-10 rec.sport.hockey:7.745530058443068E-11 
103744 rec.autos rec.autos:0.9977896803090388 rec.sport.baseball:0.0013604426162954668 rec.motorcycles:5.85518907819298E-4 rec.sport.hockey:2.6435816684671105E-4 
103745 rec.autos rec.autos:0.9998940404535875 rec.motorcycles:1.0516961146079833E-4 rec.sport.baseball:6.035750416690935E-7 rec.sport.hockey:1.8635991000147572E-7 
103746 rec.autos rec.autos:0.9999924378966742 rec.sport.baseball:7.532073345482182E-6 rec.sport.hockey:3.001420347461156E-8 rec.motorcycles:1.577688865107315E-11 
103747 rec.autos rec.autos:0.9937605320067009 rec.motorcycles:0.003369595335057543 rec.sport.baseball:0.002213545573148427 rec.sport.hockey:6.563270850933519E-4 
103748 rec.autos rec.autos:0.9933926489027104 rec.sport.baseball:0.003999589865392417 rec.motorcycles:0.0019774597020244967 rec.sport.hockey:6.303015298724945E-4 
103749 rec.autos rec.autos:0.9995281319009347 rec.motorcycles:2.4314038485564486E-4 rec.sport.hockey:1.732641338883851E-4 rec.sport.baseball:5.546358032107337E-5 
103750 rec.autos rec.autos:0.9999997233035056 rec.sport.hockey:1.390224991454792E-7 rec.sport.baseball:1.3759926901797728E-7 rec.motorcycles:7.472619476705161E-11 
103751 rec.autos rec.autos:0.9999999993703304 rec.motorcycles:6.219703811469557E-10 rec.sport.hockey:5.1157079015380654E-12 rec.sport.baseball:2.583401636380001E-12 
103752 rec.autos rec.autos:0.9999999999994416 rec.motorcycles:3.953586689741131E-13 rec.sport.hockey:1.6304497531327471E-13 rec.sport.baseball:1.0119402053678935E-17 
103753 rec.autos rec.autos:0.9999970394617015 rec.motorcycles:1.6220765993065711E-6 rec.sport.hockey:1.0228487116800588E-6 rec.sport.baseball:3.156129872579141E-7 
103754 rec.autos rec.autos:0.48051314927315 rec.motorcycles:0.23783901998818233 rec.sport.hockey:0.23666003272085226 rec.sport.baseball:0.04498779801781542 
103755 rec.autos rec.autos:0.9915256204032129 rec.sport.hockey:0.007173371423628054 rec.sport.baseball:8.453544547644755E-4 rec.motorcycles:4.556537183945551E-4 
103756 rec.autos rec.autos:0.9999967923982432 rec.motorcycles:3.1289026578553974E-6 rec.sport.hockey:4.0374947980567515E-8 rec.sport.baseball:3.832415094791683E-8 
103757 rec.autos rec.autos:0.9127056175012097 rec.motorcycles:0.0841453446646447 rec.sport.hockey:0.0019357028069799348 rec.sport.baseball:0.001213335027165498 
103758 rec.autos rec.autos:0.9999999497085262 rec.motorcycles:5.012291408565443E-8 rec.sport.hockey:1.6455796337185043E-10 rec.sport.baseball:4.001756731506831E-12 
103760 rec.autos rec.autos:0.8960125347250925 rec.sport.baseball:0.05453392613561023 rec.motorcycles:0.04697273048142128 rec.sport.hockey:0.0024808086578761586 
103761 rec.autos rec.autos:0.9990846892907019 rec.motorcycles:7.996434663361376E-4 rec.sport.hockey:9.989256075772027E-5 rec.sport.baseball:1.5774682204244137E-5 
103762 rec.autos rec.autos:0.9903449810388548 rec.motorcycles:0.007506758856972857 rec.sport.baseball:0.0016874957616246308 rec.sport.hockey:4.6076434254759083E-4 
103763 rec.autos rec.autos:0.9999999875733004 rec.motorcycles:1.236713464737873E-8 rec.sport.baseball:5.936604647208969E-11 rec.sport.hockey:1.9864372677496135E-13 
103764 rec.autos rec.autos:0.9989986169532508 rec.sport.baseball:9.50787846446307E-4 rec.motorcycles:4.798293062324066E-5 rec.sport.hockey:2.6122696796829086E-6 
103765 rec.autos rec.autos:0.9152360172836401 rec.motorcycles:0.06853868531303739 rec.sport.hockey:0.009633563006824093 rec.sport.baseball:0.006591734396498255 
103766 rec.autos rec.autos:0.9991860942125436 rec.sport.baseball:4.23546063174094E-4 rec.motorcycles:3.4306163779157745E-4 rec.sport.hockey:4.729808649078533E-5 
103767 rec.autos rec.autos:0.9585014981809347 rec.motorcycles:0.03312826105314785 rec.sport.baseball:0.007216364828510196 rec.sport.hockey:0.0011538759374072002 
103768 rec.autos rec.autos:0.9999984289177121 rec.motorcycles:9.73024765157375E-7 rec.sport.hockey:5.478250732960492E-7 rec.sport.baseball:5.023244970738532E-8 
103769 rec.autos rec.autos:0.9998709492609902 rec.sport.baseball:6.152013600219985E-5 rec.motorcycles:5.7413940076113824E-5 rec.sport.hockey:1.0116662931473598E-5 
103770 rec.autos rec.autos:0.9218930192956009 rec.motorcycles:0.07085539598918265 rec.sport.baseball:0.005242960483636119 rec.sport.hockey:0.0020086242315803878 
103771 rec.autos rec.autos:0.9909103603913447 rec.sport.baseball:0.0041002641310925875 rec.motorcycles:0.003039498724301298 rec.sport.hockey:0.0019498767532614904 
103772 rec.autos rec.autos:0.9953103260982907 rec.motorcycles:0.004444236813337732 rec.sport.hockey:1.7023164376022022E-4 rec.sport.baseball:7.520544461135653E-5 
103773 rec.autos rec.autos:0.9993767286322839 rec.motorcycles:6.179093415294228E-4 rec.sport.hockey:4.267225077063079E-6 rec.sport.baseball:1.0948011095953905E-6 
103774 rec.autos rec.autos:0.9918763357528639 rec.sport.hockey:0.004690720041778201 rec.sport.baseball:0.0023032512598690214 rec.motorcycles:0.0011296929454887737 
103775 rec.autos rec.autos:0.9997754903796895 rec.motorcycles:2.1168750440117876E-4 rec.sport.baseball:9.03744842332316E-6 rec.sport.hockey:3.7846674861110083E-6 
103776 rec.autos rec.autos:0.9861775279771954 rec.motorcycles:0.011729954493570383 rec.sport.baseball:0.0018750215815447101 rec.sport.hockey:2.1749594768937986E-4 
103777 rec.autos rec.autos:0.9773165620342493 rec.motorcycles:0.02231960616042881 rec.sport.baseball:3.4282149653978774E-4 rec.sport.hockey:2.1010308782074532E-5 
103778 rec.autos rec.autos:0.9956970550935759 rec.motorcycles:0.003837655768342039 rec.sport.hockey:4.6495278088074795E-4 rec.sport.baseball:3.363572011736292E-7 
103779 rec.autos rec.autos:0.7414155825090338 rec.motorcycles:0.25024053018264153 rec.sport.hockey:0.00750292128728398 rec.sport.baseball:8.409660210408291E-4 
103780 rec.autos rec.autos:0.7699930543159128 rec.motorcycles:0.22956536122741583 rec.sport.hockey:2.545504066362192E-4 rec.sport.baseball:1.870340500351204E-4 
103781 rec.autos rec.autos:0.8852539379211143 rec.motorcycles:0.11193785662244433 rec.sport.hockey:0.002126894904299652 rec.sport.baseball:6.813105521417609E-4 
103801 rec.autos rec.autos:0.9979790940849476 rec.motorcycles:0.0013850284339289125 rec.sport.baseball:5.03172120004038E-4 rec.sport.hockey:1.3270536111946246E-4 
103802 rec.autos rec.autos:0.8370229069616252 rec.sport.hockey:0.06638324120429824 rec.sport.baseball:0.048863079586977165 rec.motorcycles:0.04773077224709948 
103803 rec.autos rec.autos:0.9663471196635298 rec.motorcycles:0.022286749827429758 rec.sport.hockey:0.010267773220824939 rec.sport.baseball:0.0010983572882154603 
103804 rec.autos rec.motorcycles:0.38220025972474797 rec.sport.baseball:0.34039388433623147 rec.autos:0.26168904662809156 rec.sport.hockey:0.01571680931092906 
103805 rec.autos rec.autos:0.7234447386691714 rec.sport.baseball:0.22928719503214123 rec.motorcycles:0.0330614511527009 rec.sport.hockey:0.014206615145986578 
103806 rec.autos rec.motorcycles:0.5185208454460535 rec.autos:0.455797662709947 rec.sport.baseball:0.02332648254494213 rec.sport.hockey:0.002355009299057439 
103807 rec.autos rec.autos:0.9999999967760667 rec.motorcycles:2.031528705525647E-9 rec.sport.hockey:9.49537714245959E-10 rec.sport.baseball:2.428668399483316E-10 
103808 rec.autos rec.autos:0.9980554233434025 rec.motorcycles:0.0013114734696483402 rec.sport.baseball:4.842473971453269E-4 rec.sport.hockey:1.488557898039158E-4 
103809 rec.autos rec.autos:0.8978230417026203 rec.motorcycles:0.10195924746231765 rec.sport.hockey:2.057786226600874E-4 rec.sport.baseball:1.1932212401995435E-5 
103810 rec.autos rec.autos:0.998652566202521 rec.sport.baseball:4.899556632421457E-4 rec.sport.hockey:4.449438339988883E-4 rec.motorcycles:4.125343002382E-4 
103811 rec.autos rec.autos:0.9569336136260183 rec.motorcycles:0.03547786431316411 rec.sport.hockey:0.006341442539419829 rec.sport.baseball:0.001247079521397893 
103812 rec.autos rec.autos:0.701698156661315 rec.motorcycles:0.27462846046436146 rec.sport.baseball:0.01590609408839941 rec.sport.hockey:0.007767288785924162 
103813 rec.autos rec.autos:0.9997341374459473 rec.motorcycles:1.9097761610653607E-4 rec.sport.baseball:4.01607790925343E-5 rec.sport.hockey:3.472415885370786E-5 
103814 rec.autos rec.autos:0.9972699276695641 rec.sport.hockey:0.0022478087777227877 rec.motorcycles:4.628159134052084E-4 rec.sport.baseball:1.9447639307883256E-5 
103815 rec.autos rec.autos:0.9999167789119658 rec.motorcycles:8.286127837587937E-5 rec.sport.hockey:2.13206526582441E-7 rec.sport.baseball:1.466031317379687E-7 
103895 rec.autos rec.autos:0.9547654298697167 rec.motorcycles:0.029138088519091797 rec.sport.baseball:0.01085179932522144 rec.sport.hockey:0.005244682285970183 
105137 rec.motorcycles rec.motorcycles:0.9999403056988241 rec.autos:5.7100012335648425E-5 rec.sport.baseball:1.4169844924602417E-6 rec.sport.hockey:1.1773043477835103E-6 
105138 rec.motorcycles rec.motorcycles:0.8988016186487428 rec.autos:0.09334887044243693 rec.sport.hockey:0.005779327938135021 rec.sport.baseball:0.002070182970685222 
105139 rec.motorcycles rec.motorcycles:0.9998949700486166 rec.autos:1.0500088844131659E-4 rec.sport.hockey:2.4501857034252475E-8 rec.sport.baseball:4.561085030012488E-9 
105140 rec.motorcycles rec.motorcycles:0.9966519266401633 rec.autos:0.003184558510662998 rec.sport.baseball:1.0310137760658026E-4 rec.sport.hockey:6.04134715671752E-5 
105141 rec.motorcycles rec.motorcycles:0.9999999999828975 rec.autos:1.3659925808085532E-11 rec.sport.baseball:2.3611314760254476E-12 rec.sport.hockey:1.081461697373903E-12 
105142 rec.motorcycles rec.motorcycles:0.9367690347615156 rec.sport.hockey:0.03430449039387271 rec.autos:0.022954410168979297 rec.sport.baseball:0.005972064675632224 
105143 rec.motorcycles rec.motorcycles:0.9987330831942168 rec.sport.hockey:0.0010230422879940547 rec.sport.baseball:2.039904688948328E-4 rec.autos:3.988404889407894E-5 
105144 rec.motorcycles rec.motorcycles:0.9999756483058588 rec.autos:2.245789410952534E-5 rec.sport.hockey:1.5954984493070844E-6 rec.sport.baseball:2.983015821579723E-7 
105145 rec.motorcycles rec.motorcycles:0.9977049768821367 rec.sport.baseball:0.0011352831334739614 rec.sport.hockey:7.246468481785626E-4 rec.autos:4.350931362106719E-4 
105146 rec.motorcycles rec.motorcycles:0.9999978767069961 rec.autos:1.4446642658760885E-6 rec.sport.baseball:6.501992644198814E-7 rec.sport.hockey:2.8429473688321735E-8 
105147 rec.motorcycles rec.motorcycles:0.9994717064904343 rec.autos:5.062922971529106E-4 rec.sport.hockey:1.973367473493182E-5 rec.sport.baseball:2.2675376778773653E-6 
105148 rec.motorcycles rec.autos:0.9746349598338143 rec.motorcycles:0.024843606192200586 rec.sport.baseball:3.895823777435837E-4 rec.sport.hockey:1.318515962413637E-4 
105149 rec.motorcycles rec.motorcycles:0.9999999979551633 rec.sport.baseball:1.2308816403027389E-9 rec.autos:7.712245043119046E-10 rec.sport.hockey:4.2730740792683134E-11 
105150 rec.motorcycles rec.motorcycles:0.9925670722038861 rec.autos:0.007423111081777337 rec.sport.hockey:9.170242447883467E-6 rec.sport.baseball:6.464718885166576E-7 
105151 rec.motorcycles rec.motorcycles:0.9999996692943872 rec.autos:3.306235414822674E-7 rec.sport.hockey:7.882148418171684E-11 rec.sport.baseball:3.2497060066680875E-12 
105152 rec.motorcycles rec.motorcycles:0.9990785917662608 rec.autos:8.409636997155611E-4 rec.sport.baseball:7.18232384887357E-5 rec.sport.hockey:8.62129553476184E-6 
105153 rec.motorcycles rec.motorcycles:0.9845900633946845 rec.autos:0.009018704358840928 rec.sport.baseball:0.003344435112895849 rec.sport.hockey:0.003046797133578776 
105154 rec.motorcycles rec.sport.hockey:0.33263040212570927 rec.sport.baseball:0.32150795339600596 rec.motorcycles:0.2355888902036717 rec.autos:0.11027275427461312 
105155 rec.motorcycles rec.motorcycles:0.9705974354144369 rec.autos:0.02583022167799369 rec.sport.baseball:0.0034559272601109078 rec.sport.hockey:1.164156474586358E-4 
105156 rec.motorcycles rec.motorcycles:0.9884964371048464 rec.sport.baseball:0.0051930397073218955 rec.autos:0.0037459732793091614 rec.sport.hockey:0.002564549908522598 
105157 rec.motorcycles rec.motorcycles:0.9879059875333374 rec.sport.baseball:0.01153561892216777 rec.sport.hockey:4.3906956500090055E-4 rec.autos:1.193239794940153E-4 
105158 rec.motorcycles rec.motorcycles:0.9719128703319976 rec.sport.baseball:0.026021444633275388 rec.autos:0.0014797131164218094 rec.sport.hockey:5.859719183053529E-4 
105159 rec.motorcycles rec.motorcycles:0.9989932938566343 rec.autos:5.740891683602899E-4 rec.sport.baseball:4.2371833126129667E-4 rec.sport.hockey:8.898643744005595E-6 
105160 rec.motorcycles rec.motorcycles:0.9999925842534093 rec.sport.baseball:5.708303012162872E-6 rec.sport.hockey:1.0350973161663825E-6 rec.autos:6.723462625413875E-7 
105161 rec.motorcycles rec.motorcycles:0.47158756403391533 rec.sport.baseball:0.3506477638077097 rec.autos:0.14375619540586176 rec.sport.hockey:0.03400847675251318 
105162 rec.motorcycles rec.motorcycles:0.9999986166519609 rec.autos:1.2115373288205628E-6 rec.sport.hockey:1.6930725467508086E-7 rec.sport.baseball:2.5034555916284295E-9 
105202 rec.motorcycles rec.motorcycles:0.9674160347920532 rec.sport.baseball:0.019835152479534622 rec.autos:0.00699303434605982 rec.sport.hockey:0.005755778382352377 
105203 rec.motorcycles rec.motorcycles:0.9989460692033089 rec.autos:7.063556501932687E-4 rec.sport.hockey:3.1335292081682413E-4 rec.sport.baseball:3.422222568115912E-5 
105204 rec.motorcycles rec.motorcycles:0.9999560701587575 rec.autos:3.397960401966723E-5 rec.sport.hockey:5.65736365876848E-6 rec.sport.baseball:4.292873564187958E-6 
105205 rec.motorcycles rec.motorcycles:0.9838537018587347 rec.autos:0.012734625473427507 rec.sport.hockey:0.002327175253623888 rec.sport.baseball:0.0010844974142138807 
105206 rec.motorcycles rec.motorcycles:0.9843219424269448 rec.autos:0.014351407359056578 rec.sport.hockey:0.0012978142429946069 rec.sport.baseball:2.883597100402023E-5 
105207 rec.motorcycles rec.motorcycles:0.9916438784798086 rec.sport.baseball:0.007561574585296347 rec.sport.hockey:6.882198474309193E-4 rec.autos:1.06327087464253E-4 
105208 rec.motorcycles rec.motorcycles:0.9996870419567015 rec.autos:3.091203045947467E-4 rec.sport.hockey:3.1766325171529474E-6 rec.sport.baseball:6.61106186576316E-7 
105209 rec.motorcycles rec.motorcycles:0.9736747208995584 rec.autos:0.013570678351356035 rec.sport.hockey:0.007253161708796374 rec.sport.baseball:0.005501439040289136 
105210 rec.motorcycles rec.motorcycles:0.9994076849644007 rec.autos:4.343726529888843E-4 rec.sport.hockey:1.0363384071767738E-4 rec.sport.baseball:5.43085418927153E-5 
105211 rec.motorcycles rec.motorcycles:0.8813286086208352 rec.autos:0.11836511552999311 rec.sport.baseball:2.5665698758361744E-4 rec.sport.hockey:4.9618861588186624E-5 
105212 rec.motorcycles rec.motorcycles:0.9911090962784922 rec.sport.baseball:0.005225341542817157 rec.sport.hockey:0.002936038949883852 rec.autos:7.295232288067672E-4 
105213 rec.motorcycles rec.motorcycles:0.9864582224664762 rec.autos:0.013201594216009922 rec.sport.hockey:2.831844552748164E-4 rec.sport.baseball:5.6998862239143866E-5 
105214 rec.motorcycles rec.motorcycles:0.9998697459972561 rec.autos:1.1662103200308969E-4 rec.sport.hockey:1.0850818253515815E-5 rec.sport.baseball:2.782152487414788E-6 
105215 rec.motorcycles rec.motorcycles:0.9999804637113505 rec.autos:1.2561239911424293E-5 rec.sport.baseball:6.187984317910913E-6 rec.sport.hockey:7.870644201893303E-7 
105216 rec.motorcycles rec.motorcycles:0.980624577461022 rec.autos:0.01778034786826863 rec.sport.baseball:8.097095806999875E-4 rec.sport.hockey:7.853650900094832E-4 
105217 rec.motorcycles rec.motorcycles:0.999980543953865 rec.autos:1.895884512111871E-5 rec.sport.baseball:3.3250754655161935E-7 rec.sport.hockey:1.6469346722452207E-7 
105218 rec.motorcycles rec.motorcycles:0.9839864877046149 rec.autos:0.013884469830841637 rec.sport.baseball:0.0012588259692010528 rec.sport.hockey:8.702164953424197E-4 
105219 rec.motorcycles rec.motorcycles:0.9573423963210369 rec.autos:0.04253242496583654 rec.sport.baseball:7.995279144923384E-5 rec.sport.hockey:4.522592167734356E-5 
105220 rec.motorcycles rec.motorcycles:0.8762840980697625 rec.autos:0.11585801027131785 rec.sport.baseball:0.006023275191628877 rec.sport.hockey:0.0018346164672908367 
105221 rec.motorcycles rec.autos:0.5832219285238107 rec.motorcycles:0.41671308928908346 rec.sport.baseball:5.984279476195132E-5 rec.sport.hockey:5.1393923438764954E-6 
105222 rec.motorcycles rec.motorcycles:0.9984373684649878 rec.autos:0.001522003406824027 rec.sport.hockey:3.26082876064788E-5 rec.sport.baseball:8.01984058174357E-6 
105223 rec.motorcycles rec.motorcycles:0.9936741004669264 rec.autos:0.003330388455119217 rec.sport.baseball:0.002750748373403906 rec.sport.hockey:2.447627045506091E-4 
105224 rec.motorcycles rec.motorcycles:0.9354407796962109 rec.sport.hockey:0.026350044828816296 rec.sport.baseball:0.02620142749884324 rec.autos:0.01200774797612978 
105225 rec.motorcycles rec.autos:0.7229463918979409 rec.motorcycles:0.27117010410650594 rec.sport.hockey:0.004307013709660889 rec.sport.baseball:0.0015764902858924248 
105226 rec.motorcycles rec.motorcycles:0.9932417082502737 rec.autos:0.006652970958242893 rec.sport.baseball:7.155202452507533E-5 rec.sport.hockey:3.376876695827079E-5 
105227 rec.motorcycles rec.motorcycles:0.9960710746397898 rec.autos:0.0032275692910096886 rec.sport.baseball:3.9163025980750284E-4 rec.sport.hockey:3.097258093927748E-4 
105228 rec.motorcycles rec.motorcycles:0.9985059192341545 rec.autos:9.650771585293588E-4 rec.sport.hockey:4.206621040797432E-4 rec.sport.baseball:1.0834150323620891E-4 
105229 rec.motorcycles rec.motorcycles:0.799101685966842 rec.autos:0.16260466841269966 rec.sport.hockey:0.03178274894788549 rec.sport.baseball:0.006510896672572742 
105230 rec.motorcycles rec.motorcycles:0.999410603197764 rec.sport.hockey:3.5178732803410145E-4 rec.autos:1.6593975220334736E-4 rec.sport.baseball:7.166972199857958E-5 
105231 rec.motorcycles rec.motorcycles:0.9994964436509394 rec.autos:4.725269418147174E-4 rec.sport.hockey:2.170070548268767E-5 rec.sport.baseball:9.328701763216622E-6 
105232 rec.motorcycles rec.motorcycles:0.9953600992079731 rec.autos:0.003862063926875381 rec.sport.baseball:4.075497634631041E-4 rec.sport.hockey:3.702871016883479E-4 
105233 rec.motorcycles rec.motorcycles:0.5851137666486774 rec.autos:0.3313385482853541 rec.sport.hockey:0.04257691823990043 rec.sport.baseball:0.040970766826067914 
105234 rec.motorcycles rec.motorcycles:0.9999972454571646 rec.sport.hockey:2.338416975938392E-6 rec.autos:2.859824569910031E-7 rec.sport.baseball:1.3014340253908814E-7 
105235 rec.motorcycles rec.motorcycles:0.9801849245038167 rec.autos:0.019730428179135003 rec.sport.baseball:8.071195650577237E-5 rec.sport.hockey:3.935360542503031E-6 
105236 rec.motorcycles rec.motorcycles:0.9999951372844792 rec.sport.hockey:3.6794908636012156E-6 rec.sport.baseball:1.132711448605799E-6 rec.autos:5.051320873210232E-8 
105237 rec.motorcycles rec.motorcycles:0.9980929260898509 rec.autos:0.0016655618857151597 rec.sport.hockey:1.8587210612030928E-4 rec.sport.baseball:5.563991831354373E-5 
105238 rec.motorcycles rec.autos:0.46012399052333336 rec.motorcycles:0.4438439862773323 rec.sport.baseball:0.06127322884736847 rec.sport.hockey:0.03475879435196611 
105239 rec.motorcycles rec.motorcycles:0.9999999999915856 rec.autos:8.414449886460929E-12 rec.sport.baseball:3.197019537794001E-23 rec.sport.hockey:5.831652754495824E-25 
105240 rec.motorcycles rec.motorcycles:0.9999148075430598 rec.sport.hockey:7.549890174472548E-5 rec.sport.baseball:9.634571713800819E-6 rec.autos:5.898348173305453E-8 
105241 rec.motorcycles rec.motorcycles:0.999987282280594 rec.sport.baseball:6.55888212825156E-6 rec.sport.hockey:4.0764192811741496E-6 rec.autos:2.0824179964724947E-6 
105242 rec.motorcycles rec.motorcycles:0.9995732946220146 rec.sport.hockey:3.3194772788588977E-4 rec.autos:7.124566255730954E-5 rec.sport.baseball:2.3511987542320443E-5 
105243 rec.motorcycles rec.motorcycles:0.9966813394627078 rec.sport.baseball:0.002381298587608799 rec.sport.hockey:7.366616416547999E-4 rec.autos:2.007003080287502E-4 
105244 rec.motorcycles rec.motorcycles:0.9991226576342377 rec.autos:4.078625946700418E-4 rec.sport.hockey:3.9598010553596293E-4 rec.sport.baseball:7.349966555656348E-5 
105245 rec.motorcycles rec.motorcycles:0.9970533185052134 rec.autos:0.001740079768126082 rec.sport.baseball:0.0012046358677450834 rec.sport.hockey:1.9658589154824105E-6 
105246 rec.motorcycles rec.motorcycles:0.9718413175418157 rec.autos:0.028150055895951657 rec.sport.baseball:8.4672439795254E-6 rec.sport.hockey:1.5931825304874245E-7 
105247 rec.motorcycles rec.motorcycles:0.5504071199767343 rec.autos:0.4162821258563085 rec.sport.baseball:0.032647248220044375 rec.sport.hockey:6.635059469128731E-4 
105248 rec.motorcycles rec.motorcycles:0.45634400233233996 rec.autos:0.4399197105032325 rec.sport.baseball:0.05517581703746337 rec.sport.hockey:0.04856047012696407 
105249 rec.motorcycles rec.motorcycles:0.9996172857648905 rec.sport.baseball:1.828354060670473E-4 rec.sport.hockey:1.3241182519325436E-4 rec.autos:6.746700384906916E-5 
105250 rec.motorcycles rec.motorcycles:0.9999997571184566 rec.autos:2.4102542394816037E-7 rec.sport.baseball:1.2649805303904816E-9 rec.sport.hockey:5.911389396342056E-10 
105251 rec.motorcycles rec.motorcycles:0.9999999992985691 rec.autos:7.006266897036715E-10 rec.sport.hockey:5.510121732805607E-13 rec.sport.baseball:2.530726783192489E-13 
105252 rec.motorcycles rec.motorcycles:0.9998368623847861 rec.sport.hockey:1.351266021451889E-4 rec.autos:1.8691723691215225E-5 rec.sport.baseball:9.319289377527185E-6 
105253 rec.motorcycles rec.motorcycles:0.9999999836067646 rec.autos:1.5957215317558476E-8 rec.sport.baseball:2.329340569806139E-10 rec.sport.hockey:2.0308601477007135E-10 
105254 rec.motorcycles rec.motorcycles:0.9683110278388891 rec.autos:0.013550746187855203 rec.sport.baseball:0.010282184494464162 rec.sport.hockey:0.007856041478791627 
105255 rec.motorcycles rec.motorcycles:0.9999194394051962 rec.autos:3.89948916075654E-5 rec.sport.hockey:2.8753435872561914E-5 rec.sport.baseball:1.28122673235743E-5 
105256 rec.motorcycles rec.motorcycles:0.9926296399219685 rec.autos:0.004495913390778106 rec.sport.baseball:0.0017144031874076519 rec.sport.hockey:0.0011600434998458385 
105257 rec.motorcycles rec.motorcycles:0.6754239942179896 rec.autos:0.29868677963001206 rec.sport.hockey:0.01972118472806147 rec.sport.baseball:0.006168041423936964 
105258 rec.motorcycles rec.motorcycles:0.9994832342773082 rec.sport.baseball:3.132417723044115E-4 rec.sport.hockey:1.2264248050732968E-4 rec.autos:8.088146987999338E-5 
105259 rec.motorcycles rec.motorcycles:0.9989710831059561 rec.sport.hockey:5.101794840651763E-4 rec.autos:2.9813995550629095E-4 rec.sport.baseball:2.2059745447224527E-4 
105260 rec.motorcycles rec.motorcycles:0.999973113474567 rec.autos:2.5126951030193443E-5 rec.sport.hockey:1.3225979104251473E-6 rec.sport.baseball:4.36976492580631E-7 
105261 rec.motorcycles rec.motorcycles:0.9806202197398118 rec.autos:0.016948461913046425 rec.sport.hockey:0.0023694102470123383 rec.sport.baseball:6.190810012926908E-5 
105262 rec.motorcycles rec.motorcycles:0.9977082238555416 rec.sport.baseball:0.0011531756347929866 rec.autos:0.0010465242681432184 rec.sport.hockey:9.207624152227233E-5 
105263 rec.motorcycles rec.motorcycles:0.9998565162086237 rec.autos:6.447039125805297E-5 rec.sport.hockey:5.2683152109735964E-5 rec.sport.baseball:2.6330248008343748E-5 
105380 rec.motorcycles rec.motorcycles:0.8182131756057358 rec.autos:0.17075875123079542 rec.sport.hockey:0.007915357921251252 rec.sport.baseball:0.003112715242217604 
105381 rec.motorcycles rec.motorcycles:0.9195766913792828 rec.autos:0.03906478315270139 rec.sport.baseball:0.02594411182730401 rec.sport.hockey:0.0154144136407116 
105517 rec.motorcycles rec.autos:0.4773805236718294 rec.sport.baseball:0.27337745394344426 rec.motorcycles:0.2194210871429338 rec.sport.hockey:0.029820935241792672 
105558 rec.motorcycles rec.motorcycles:0.9991164668244177 rec.autos:8.804754038347379E-4 rec.sport.baseball:2.978396859548039E-6 rec.sport.hockey:7.937488800698634E-8 
105559 rec.motorcycles rec.motorcycles:0.6262396090288856 rec.sport.baseball:0.22007506233535226 rec.autos:0.14640753951906216 rec.sport.hockey:0.007277789116699903 
105560 rec.motorcycles rec.motorcycles:0.9999072436996933 rec.sport.baseball:5.1477168114138565E-5 rec.autos:3.436674161360413E-5 rec.sport.hockey:6.912390579060083E-6 
105561 rec.motorcycles rec.motorcycles:0.5936982012735522 rec.autos:0.2816849800318441 rec.sport.hockey:0.07188550124853806 rec.sport.baseball:0.052731317446065705 
105563 rec.motorcycles rec.motorcycles:0.7232585460646518 rec.autos:0.17096044197476581 rec.sport.baseball:0.10541985703147623 rec.sport.hockey:3.611549291061649E-4 
105564 rec.motorcycles rec.motorcycles:0.9999356729608249 rec.autos:6.16524035286094E-5 rec.sport.hockey:2.3006923525147017E-6 rec.sport.baseball:3.739432940979657E-7 
105661 rec.motorcycles rec.motorcycles:0.9999815132644656 rec.autos:1.843249308623357E-5 rec.sport.hockey:3.503982446512438E-8 rec.sport.baseball:1.9202623728604896E-8 
105662 rec.motorcycles rec.motorcycles:0.9988780627875634 rec.autos:0.0010495335445862236 rec.sport.baseball:7.036073213529655E-5 rec.sport.hockey:2.0429357149115257E-6 
72052 rec.motorcycles rec.motorcycles:0.6377079966336269 rec.autos:0.28715769937996133 rec.sport.baseball:0.0617903203346977 rec.sport.hockey:0.013343983651714105 
105058 rec.sport.baseball rec.sport.baseball:0.9809123966316003 rec.autos:0.01148982402920979 rec.motorcycles:0.006724789204955735 rec.sport.hockey:8.729901342342283E-4 
105059 rec.sport.baseball rec.sport.baseball:0.38382115425984814 rec.autos:0.2734043352979821 rec.motorcycles:0.17802799383893042 rec.sport.hockey:0.16474651660323933 
105060 rec.sport.baseball rec.sport.baseball:0.9977747456771762 rec.sport.hockey:9.707797941262104E-4 rec.autos:8.008139810585759E-4 rec.motorcycles:4.536605476390411E-4 
105061 rec.sport.baseball rec.sport.baseball:0.9933347866406289 rec.motorcycles:0.006103053239681294 rec.autos:4.2559990424694775E-4 rec.sport.hockey:1.3656021544275544E-4 
105062 rec.sport.baseball rec.sport.baseball:0.9999991482990485 rec.sport.hockey:8.12817637939336E-7 rec.motorcycles:3.406690556258952E-8 rec.autos:4.8164081631506945E-9 
105063 rec.sport.baseball rec.sport.baseball:0.957969340605448 rec.sport.hockey:0.04012504666117419 rec.autos:0.0012271511852058696 rec.motorcycles:6.784615481720429E-4 
105064 rec.sport.baseball rec.sport.baseball:0.9999986285284015 rec.sport.hockey:1.345909224158457E-6 rec.motorcycles:1.5192891050124793E-8 rec.autos:1.0369483456868887E-8 
105065 rec.sport.baseball rec.sport.baseball:0.9993192807320598 rec.autos:3.8308363754263326E-4 rec.sport.hockey:2.3576678828158561E-4 rec.motorcycles:6.186884211605497E-5 
105066 rec.sport.baseball rec.sport.baseball:0.9998222992923058 rec.autos:1.643976553932737E-4 rec.motorcycles:1.0916138450887086E-5 rec.sport.hockey:2.3869138499333347E-6 
105067 rec.sport.baseball rec.sport.baseball:0.9967546263082179 rec.autos:0.001504266644612239 rec.sport.hockey:0.0013845624411113581 rec.motorcycles:3.5654460605842543E-4 
105068 rec.sport.baseball rec.sport.baseball:0.999999998444824 rec.sport.hockey:1.2661626099894387E-9 rec.motorcycles:2.8536419347051747E-10 rec.autos:3.64935029006145E-12 
105069 rec.sport.baseball rec.sport.baseball:0.9991970803916377 rec.sport.hockey:7.956503345161682E-4 rec.motorcycles:6.985334328172302E-6 rec.autos:2.839395178488887E-7 
105070 rec.sport.baseball rec.sport.baseball:0.9597200499801944 rec.sport.hockey:0.03788523747110975 rec.autos:0.0012694343845230536 rec.motorcycles:0.0011252781641727398 
105071 rec.sport.baseball rec.sport.baseball:0.9925121441956971 rec.motorcycles:0.004015862649409906 rec.autos:0.0029453096752073476 rec.sport.hockey:5.266834796858791E-4 
105072 rec.sport.baseball rec.sport.baseball:0.9007536708405307 rec.autos:0.061462722050935156 rec.motorcycles:0.021769051349361256 rec.sport.hockey:0.016014555759172877 
105073 rec.sport.baseball rec.sport.baseball:0.9999999997029256 rec.motorcycles:2.152512873489229E-10 rec.sport.hockey:8.123172202442685E-11 rec.autos:5.914301898647453E-13 
105074 rec.sport.baseball rec.sport.baseball:0.9999998963904652 rec.sport.hockey:1.0272131292933552E-7 rec.motorcycles:8.125275396518986E-10 rec.autos:7.569423879183334E-11 
105075 rec.sport.baseball rec.sport.baseball:0.5497327197827381 rec.sport.hockey:0.27123891976652426 rec.autos:0.13965296981240458 rec.motorcycles:0.039375390638333174 
105076 rec.sport.baseball rec.sport.baseball:0.9989974339255958 rec.sport.hockey:7.828865048583033E-4 rec.motorcycles:1.5580045208273658E-4 rec.autos:6.387911746323084E-5 
105077 rec.sport.baseball rec.sport.baseball:0.9999999999967037 rec.sport.hockey:3.2960852198805958E-12 rec.motorcycles:1.875862280407355E-16 rec.autos:2.1264092598108924E-21 
105078 rec.sport.baseball rec.sport.baseball:0.9999950603284478 rec.autos:3.336337499340613E-6 rec.sport.hockey:1.4897988397110698E-6 rec.motorcycles:1.1353521325546656E-7 
105079 rec.sport.baseball rec.sport.baseball:0.9999999999991573 rec.autos:8.420490225554449E-13 rec.sport.hockey:7.04072409108152E-16 rec.motorcycles:5.138248989072219E-19 
105080 rec.sport.baseball rec.sport.baseball:0.9997572996212524 rec.autos:1.3525037337985935E-4 rec.sport.hockey:5.846389766072303E-5 rec.motorcycles:4.8986107706897995E-5 
105081 rec.sport.baseball rec.sport.baseball:0.9999889553607882 rec.sport.hockey:1.0865090180029438E-5 rec.motorcycles:1.7938713562458214E-7 rec.autos:1.6189594314507297E-10 
105082 rec.sport.baseball rec.sport.baseball:0.9999943637397356 rec.motorcycles:3.4149884853195944E-6 rec.sport.hockey:2.048611924725807E-6 rec.autos:1.726598543893965E-7 
105083 rec.sport.baseball rec.sport.baseball:0.9999823149188312 rec.motorcycles:1.002918715895882E-5 rec.sport.hockey:7.26632341418252E-6 rec.autos:3.895705955961342E-7 
105084 rec.sport.baseball rec.sport.baseball:0.9997713914414168 rec.sport.hockey:2.2703312840267613E-4 rec.motorcycles:1.3406480326615553E-6 rec.autos:2.347821478704109E-7 
105085 rec.sport.baseball rec.sport.baseball:0.9998760513080305 rec.motorcycles:1.1849288697264075E-4 rec.sport.hockey:5.102251907088744E-6 rec.autos:3.535530896955316E-7 
105086 rec.sport.baseball rec.sport.baseball:0.9914476086185278 rec.autos:0.007552993519731699 rec.motorcycles:9.95192785979655E-4 rec.sport.hockey:4.205075760820746E-6 
105087 rec.sport.baseball rec.sport.baseball:0.9993580143164635 rec.motorcycles:5.0037466495646E-4 rec.autos:1.222672802702124E-4 rec.sport.hockey:1.934373830968056E-5 
105088 rec.sport.baseball rec.sport.baseball:0.9891677750089487 rec.sport.hockey:0.00678499430313146 rec.autos:0.0032432061209094016 rec.motorcycles:8.040245670103427E-4 
105089 rec.sport.baseball rec.sport.baseball:0.9216047749984465 rec.motorcycles:0.03081363783623248 rec.autos:0.026488728060061743 rec.sport.hockey:0.021092859105259276 
105090 rec.sport.baseball rec.sport.baseball:0.9630016741611803 rec.sport.hockey:0.019495628227189723 rec.autos:0.012958612479369245 rec.motorcycles:0.004544085132260691 
105091 rec.sport.baseball rec.sport.baseball:0.9966127011435235 rec.sport.hockey:0.002886424480803094 rec.motorcycles:5.004951698902409E-4 rec.autos:3.79205783163614E-7 
105092 rec.sport.baseball rec.sport.baseball:0.9999999988484094 rec.sport.hockey:1.1512567147277585E-9 rec.motorcycles:3.338098359376268E-13 rec.autos:4.066491099154766E-17 
105093 rec.sport.baseball rec.sport.baseball:0.9999999963239812 rec.motorcycles:3.1416823287974156E-9 rec.sport.hockey:5.192991491449874E-10 rec.autos:1.503743061847915E-11 
105094 rec.sport.baseball rec.sport.baseball:0.4721924716688342 rec.autos:0.19363511397974598 rec.motorcycles:0.18180656151211574 rec.sport.hockey:0.15236585283930415 
105095 rec.sport.baseball rec.sport.baseball:0.4812751017726049 rec.autos:0.389164842961509 rec.motorcycles:0.07514887012841312 rec.sport.hockey:0.05441118513747297 
105096 rec.sport.baseball rec.sport.baseball:0.9999999928551377 rec.sport.hockey:6.543278171937606E-9 rec.motorcycles:5.833353933218534E-10 rec.autos:1.824867579137211E-11 
105097 rec.sport.baseball rec.sport.baseball:0.9999641130250988 rec.sport.hockey:3.433439846324478E-5 rec.motorcycles:1.5383431219122672E-6 rec.autos:1.42333161577781E-8 
