 Raw Testing Data
../../20_newsgroups/rec.autos/103696 rec.autos rec.autos:0.8340524553722233 rec.motorcycles:0.13600959062840656 rec.sport.baseball:0.018730320148447558 rec.sport.hockey:0.011207633850922716 
../../20_newsgroups/rec.autos/103697 rec.autos rec.autos:0.8504675999360459 rec.motorcycles:0.14326026746498563 rec.sport.hockey:0.00368928545971204 rec.sport.baseball:0.0025828471392564333 
../../20_newsgroups/rec.autos/103698 rec.autos rec.autos:0.9999997977126521 rec.motorcycles:2.0228026709190614E-7 rec.sport.hockey:4.7324355955380245E-12 rec.sport.baseball:2.3483632520903583E-12 
../../20_newsgroups/rec.autos/103699 rec.autos rec.autos:0.9999961660808786 rec.sport.baseball:1.7315674752655956E-6 rec.motorcycles:1.4904068986769782E-6 rec.sport.hockey:6.119447474734197E-7 
../../20_newsgroups/rec.autos/103700 rec.autos rec.autos:0.9993832454990857 rec.sport.hockey:5.616721321043245E-4 rec.sport.baseball:3.8056746552192756E-5 rec.motorcycles:1.7025622257703993E-5 
../../20_newsgroups/rec.autos/103701 rec.autos rec.autos:0.9848014166138721 rec.sport.baseball:0.008356241951518342 rec.sport.hockey:0.004196486541093209 rec.motorcycles:0.002645854893516235 
../../20_newsgroups/rec.autos/103702 rec.autos rec.autos:0.9998768867569722 rec.motorcycles:1.1305598213355174E-4 rec.sport.baseball:8.706669314755472E-6 rec.sport.hockey:1.350591579378865E-6 
../../20_newsgroups/rec.autos/103703 rec.autos rec.motorcycles:0.5009805807831925 rec.autos:0.4981266374046035 rec.sport.hockey:7.765939801784527E-4 rec.sport.baseball:1.1618783202551651E-4 
../../20_newsgroups/rec.autos/103704 rec.autos rec.autos:0.9999937313350812 rec.motorcycles:6.225219183523145E-6 rec.sport.hockey:3.8727756131312265E-8 rec.sport.baseball:4.717979199266384E-9 
../../20_newsgroups/rec.autos/103705 rec.autos rec.autos:0.997936960417887 rec.motorcycles:0.0020452307036860256 rec.sport.hockey:1.7362885531457855E-5 rec.sport.baseball:4.459928954786083E-7 
../../20_newsgroups/rec.autos/103706 rec.autos rec.sport.baseball:0.8220200306673076 rec.motorcycles:0.06842323434873833 rec.autos:0.06323658078371615 rec.sport.hockey:0.046320154200238044 
../../20_newsgroups/rec.autos/103707 rec.autos rec.autos:0.49860660520332 rec.sport.baseball:0.3839550302886829 rec.sport.hockey:0.08371425046047999 rec.motorcycles:0.033724114047517205 
../../20_newsgroups/rec.autos/103708 rec.autos rec.autos:0.9999287514493291 rec.motorcycles:5.194581426111253E-5 rec.sport.baseball:1.7975316050813362E-5 rec.sport.hockey:1.3274203589967913E-6 
../../20_newsgroups/rec.autos/103709 rec.autos rec.autos:0.999999999976475 rec.motorcycles:2.352496746104647E-11 rec.sport.hockey:1.0624886680199906E-17 rec.sport.baseball:3.152733461275322E-22 
../../20_newsgroups/rec.autos/103710 rec.autos rec.autos:0.999812620181521 rec.motorcycles:1.8580911513417137E-4 rec.sport.hockey:1.3475379507075089E-6 rec.sport.baseball:2.231653942554409E-7 
../../20_newsgroups/rec.autos/103711 rec.autos rec.autos:0.9223091777062171 rec.sport.hockey:0.04204752192047941 rec.motorcycles:0.029496513847700436 rec.sport.baseball:0.006146786525602991 
../../20_newsgroups/rec.autos/103712 rec.autos rec.autos:0.9997512442577705 rec.motorcycles:2.4875493932796584E-4 rec.sport.hockey:5.707287186383843E-10 rec.sport.baseball:2.3217282888714396E-10 
../../20_newsgroups/rec.autos/103713 rec.autos rec.autos:0.9647087117281495 rec.sport.baseball:0.026661748594021005 rec.motorcycles:0.0073779045065656 rec.sport.hockey:0.0012516351712639222 
../../20_newsgroups/rec.autos/103714 rec.autos rec.autos:0.6370830942552315 rec.sport.baseball:0.3246252274196817 rec.motorcycles:0.032956547294760434 rec.sport.hockey:0.005335131030326275 
../../20_newsgroups/rec.autos/103715 rec.autos rec.autos:0.9910747009462483 rec.sport.hockey:0.007861402027992244 rec.motorcycles:8.419383436496561E-4 rec.sport.baseball:2.2195868210973268E-4 
../../20_newsgroups/rec.autos/103716 rec.autos rec.autos:0.9997017608597011 rec.motorcycles:1.9126591698989648E-4 rec.sport.hockey:7.47959451867588E-5 rec.sport.baseball:3.217727812215126E-5 
../../20_newsgroups/rec.autos/103717 rec.autos rec.autos:0.9984408080266632 rec.motorcycles:0.0012765778272745513 rec.sport.baseball:2.097054933480868E-4 rec.sport.hockey:7.290865271405183E-5 
../../20_newsgroups/rec.autos/103718 rec.autos rec.autos:0.5755921412287718 rec.sport.baseball:0.2689100963943989 rec.motorcycles:0.09566253659102196 rec.sport.hockey:0.05983522578580738 
../../20_newsgroups/rec.autos/103719 rec.autos rec.autos:0.9969539473018498 rec.motorcycles:0.002825882769530369 rec.sport.hockey:1.5075628402115327E-4 rec.sport.baseball:6.941364459862237E-5 
../../20_newsgroups/rec.autos/103720 rec.autos rec.autos:0.9976780881634788 rec.motorcycles:0.0022962658014273997 rec.sport.hockey:2.246540066360581E-5 rec.sport.baseball:3.180634430063183E-6 
../../20_newsgroups/rec.autos/103721 rec.autos rec.autos:0.9933772065287654 rec.sport.baseball:0.004036661885375338 rec.sport.hockey:0.0018972701491924023 rec.motorcycles:6.888614366668823E-4 
../../20_newsgroups/rec.autos/103722 rec.autos rec.autos:0.8219133330918884 rec.sport.baseball:0.0840610365885354 rec.motorcycles:0.06377078689124978 rec.sport.hockey:0.030254843428326506 
../../20_newsgroups/rec.autos/103723 rec.autos rec.autos:0.998932422202822 rec.motorcycles:9.22880655547422E-4 rec.sport.baseball:7.834403513558129E-5 rec.sport.hockey:6.63531064950352E-5 
../../20_newsgroups/rec.autos/103724 rec.autos rec.autos:0.8124893097159499 rec.motorcycles:0.0958259983931074 rec.sport.baseball:0.08961149659529144 rec.sport.hockey:0.0020731952956512087 
../../20_newsgroups/rec.autos/103725 rec.autos rec.autos:0.999722280669151 rec.sport.hockey:2.4234911227896617E-4 rec.sport.baseball:2.847588749318959E-5 rec.motorcycles:6.894331076952655E-6 
../../20_newsgroups/rec.autos/103726 rec.autos rec.autos:0.9999183739571249 rec.motorcycles:7.644454153339583E-5 rec.sport.hockey:4.1150515310027E-6 rec.sport.baseball:1.0664498107943281E-6 
../../20_newsgroups/rec.autos/103727 rec.autos rec.autos:0.9994625367772416 rec.motorcycles:2.926318900545578E-4 rec.sport.baseball:1.2599406797380986E-4 rec.sport.hockey:1.1883726473007806E-4 
../../20_newsgroups/rec.autos/103728 rec.autos rec.autos:0.7439200410594586 rec.sport.baseball:0.1358214485427176 rec.motorcycles:0.10930656564462023 rec.sport.hockey:0.010951944753203574 
../../20_newsgroups/rec.autos/103729 rec.autos rec.autos:0.987267900172886 rec.motorcycles:0.008655993330605793 rec.sport.hockey:0.002318631426031117 rec.sport.baseball:0.001757475070477067 
../../20_newsgroups/rec.autos/103731 rec.autos rec.autos:0.9691618054127009 rec.motorcycles:0.027833046278592 rec.sport.hockey:0.0028662699030005396 rec.sport.baseball:1.388784057065629E-4 
../../20_newsgroups/rec.autos/103732 rec.autos rec.autos:0.9997109645967948 rec.motorcycles:2.890326435855655E-4 rec.sport.baseball:2.7434512636394986E-9 rec.sport.hockey:1.6168544595936715E-11 
../../20_newsgroups/rec.autos/103733 rec.autos rec.autos:0.7114176250828895 rec.motorcycles:0.27488325763278465 rec.sport.baseball:0.006973266216631835 rec.sport.hockey:0.0067258510676938225 
../../20_newsgroups/rec.autos/103734 rec.autos rec.autos:0.9743602579273486 rec.motorcycles:0.01842367613942551 rec.sport.baseball:0.0069144227375770185 rec.sport.hockey:3.0164319564894283E-4 
../../20_newsgroups/rec.autos/103735 rec.autos rec.autos:0.999999966552622 rec.motorcycles:3.344708042818614E-8 rec.sport.hockey:2.769145768119581E-13 rec.sport.baseball:2.0727322108518868E-14 
../../20_newsgroups/rec.autos/103736 rec.autos rec.autos:0.9736262582500148 rec.motorcycles:0.010780629978578702 rec.sport.hockey:0.009210242015131319 rec.sport.baseball:0.006382869756275043 
../../20_newsgroups/rec.autos/103737 rec.autos rec.motorcycles:0.8576209564021703 rec.autos:0.1367810490045988 rec.sport.hockey:0.004184278821717319 rec.sport.baseball:0.0014137157715135022 
../../20_newsgroups/rec.autos/103738 rec.autos rec.autos:0.9957375560532077 rec.motorcycles:0.004233981344302391 rec.sport.hockey:1.8684191997971598E-5 rec.sport.baseball:9.778410492063758E-6 
../../20_newsgroups/rec.autos/103739 rec.autos rec.autos:1.0 rec.motorcycles:7.786310973549052E-18 rec.sport.baseball:3.3414494639457397E-28 rec.sport.hockey:1.2299290052071887E-28 
../../20_newsgroups/rec.autos/103740 rec.autos rec.autos:0.9993190060208347 rec.motorcycles:5.563627413154978E-4 rec.sport.hockey:1.1874976788700927E-4 rec.sport.baseball:5.881469962778069E-6 
../../20_newsgroups/rec.autos/103741 rec.autos rec.autos:0.9999910939938206 rec.motorcycles:8.899060490887307E-6 rec.sport.hockey:4.712500978425488E-9 rec.sport.baseball:2.2331874653881074E-9 
../../20_newsgroups/rec.autos/103742 rec.autos rec.autos:0.9999991507709052 rec.motorcycles:8.455696363375938E-7 rec.sport.baseball:2.05509569148561E-9 rec.sport.hockey:1.6043627759042032E-9 
../../20_newsgroups/rec.autos/103743 rec.autos rec.autos:0.9999999878146512 rec.motorcycles:1.2030557982134846E-8 rec.sport.baseball:1.3370308583474482E-10 rec.sport.hockey:2.108772771386812E-11 
../../20_newsgroups/rec.autos/103744 rec.autos rec.autos:0.998064955839479 rec.sport.baseball:0.0011229986744194498 rec.motorcycles:5.941829029896154E-4 rec.sport.hockey:2.1786258311196467E-4 
../../20_newsgroups/rec.autos/103745 rec.autos rec.autos:0.9999017125717644 rec.motorcycles:9.774342194475086E-5 rec.sport.baseball:3.9682214680636634E-7 rec.sport.hockey:1.4718414405534015E-7 
../../20_newsgroups/rec.autos/103746 rec.autos rec.autos:0.9999927559786608 rec.sport.baseball:7.21904350346647E-6 rec.sport.hockey:2.4971912790531904E-8 rec.motorcycles:5.92305455474026E-12 
../../20_newsgroups/rec.autos/103747 rec.autos rec.autos:0.9950163530821892 rec.motorcycles:0.00257815572081359 rec.sport.baseball:0.0018465300676386446 rec.sport.hockey:5.589611293585389E-4 
../../20_newsgroups/rec.autos/103748 rec.autos rec.autos:0.995645138057412 rec.sport.baseball:0.002346107046115526 rec.motorcycles:0.0016484223024196565 rec.sport.hockey:3.6033259405297716E-4 
../../20_newsgroups/rec.autos/103749 rec.autos rec.autos:0.9997553999593565 rec.motorcycles:1.4199869825859223E-4 rec.sport.hockey:7.354235398755579E-5 rec.sport.baseball:2.9058988397390574E-5 
../../20_newsgroups/rec.autos/103750 rec.autos rec.autos:0.9999999050857952 rec.sport.hockey:5.33113581675956E-8 rec.sport.baseball:4.1576638150983126E-8 rec.motorcycles:2.620847459032383E-11 
../../20_newsgroups/rec.autos/103751 rec.autos rec.autos:0.9999999994849491 rec.motorcycles:5.126132027909309E-10 rec.sport.hockey:1.607859423530018E-12 rec.sport.baseball:8.298325211718107E-13 
../../20_newsgroups/rec.autos/103752 rec.autos rec.autos:0.9999999999998881 rec.motorcycles:8.08480443662186E-14 rec.sport.hockey:3.097761865721733E-14 rec.sport.baseball:2.0436586742917746E-18 
../../20_newsgroups/rec.autos/103753 rec.autos rec.autos:0.9999982302275529 rec.motorcycles:1.0637443249250364E-6 rec.sport.hockey:5.194760270571001E-7 rec.sport.baseball:1.8655209517948182E-7 
../../20_newsgroups/rec.autos/103754 rec.autos rec.autos:0.4651451019795046 rec.motorcycles:0.2479520291649666 rec.sport.hockey:0.23733915073039344 rec.sport.baseball:0.049563718125135346 
../../20_newsgroups/rec.autos/103755 rec.autos rec.autos:0.9930170100556212 rec.sport.hockey:0.005971486272984585 rec.sport.baseball:6.417860896932179E-4 rec.motorcycles:3.6971758170088E-4 
../../20_newsgroups/rec.autos/103756 rec.autos rec.autos:0.9999979870118691 rec.motorcycles:1.9639429547412797E-6 rec.sport.hockey:2.712452017367528E-8 rec.sport.baseball:2.192065588569538E-8 
../../20_newsgroups/rec.autos/103757 rec.autos rec.autos:0.9236734868241016 rec.motorcycles:0.07406806267991861 rec.sport.hockey:0.0013572298137800411 rec.sport.baseball:9.0122068219978E-4 
../../20_newsgroups/rec.autos/103758 rec.autos rec.autos:0.9999999756405703 rec.motorcycles:2.427762707506981E-8 rec.sport.hockey:7.98361218371607E-11 rec.sport.baseball:1.9663871101737254E-12 
../../20_newsgroups/rec.autos/103760 rec.autos rec.autos:0.90117222191955 rec.sport.baseball:0.0484223213162494 rec.motorcycles:0.0483819809446231 rec.sport.hockey:0.002023475819577609 
../../20_newsgroups/rec.autos/103761 rec.autos rec.autos:0.9991564040904488 rec.motorcycles:7.465642244275527E-4 rec.sport.hockey:8.50926406815135E-5 rec.sport.baseball:1.1939044442157225E-5 
../../20_newsgroups/rec.autos/103762 rec.autos rec.autos:0.9897889149665482 rec.motorcycles:0.008314842562128225 rec.sport.baseball:0.0015051055672923158 rec.sport.hockey:3.9113690403113174E-4 
../../20_newsgroups/rec.autos/103763 rec.autos rec.autos:0.9999999903963744 rec.motorcycles:9.57266195203094E-9 rec.sport.baseball:3.08565144376785E-11 rec.sport.hockey:1.0721633830076126E-13 
../../20_newsgroups/rec.autos/103764 rec.autos rec.autos:0.9992439274369596 rec.sport.baseball:7.111963705313658E-4 rec.motorcycles:4.3275601107700814E-5 rec.sport.hockey:1.600591401241042E-6 
../../20_newsgroups/rec.autos/103765 rec.autos rec.autos:0.919509232985643 rec.motorcycles:0.06660423805504341 rec.sport.hockey:0.008121159240284066 rec.sport.baseball:0.0057653697190294265 
../../20_newsgroups/rec.autos/103766 rec.autos rec.autos:0.9993178519824117 rec.motorcycles:3.436052329322428E-4 rec.sport.baseball:3.0634636300840316E-4 rec.sport.hockey:3.21964216475488E-5 
../../20_newsgroups/rec.autos/103767 rec.autos rec.autos:0.952411417652164 rec.motorcycles:0.03916177351721281 rec.sport.baseball:0.007170165560935407 rec.sport.hockey:0.0012566432696878983 
../../20_newsgroups/rec.autos/103768 rec.autos rec.autos:0.9999989962298262 rec.motorcycles:6.1062394234002E-7 rec.sport.hockey:3.6545318129084605E-7 rec.sport.baseball:2.7693050056903992E-8 
../../20_newsgroups/rec.autos/103769 rec.autos rec.autos:0.9999047923419243 rec.sport.baseball:4.79121634334586E-5 rec.motorcycles:4.0532289048131544E-5 rec.sport.hockey:6.763205593966037E-6 
../../20_newsgroups/rec.autos/103770 rec.autos rec.autos:0.9264704779358777 rec.motorcycles:0.06750681670605829 rec.sport.baseball:0.004478522717254811 rec.sport.hockey:0.001544182640809431 
../../20_newsgroups/rec.autos/103771 rec.autos rec.autos:0.9911039904065423 rec.sport.baseball:0.0040526729406991134 rec.motorcycles:0.002920966607923929 rec.sport.hockey:0.0019223700448343858 
../../20_newsgroups/rec.autos/103772 rec.autos rec.autos:0.9963263451068193 rec.motorcycles:0.0034871479721288 rec.sport.hockey:1.24872634830151E-4 rec.sport.baseball:6.163428622179271E-5 
../../20_newsgroups/rec.autos/103773 rec.autos rec.autos:0.9994827694520861 rec.motorcycles:5.135935805197227E-4 rec.sport.hockey:2.9053317706893283E-6 rec.sport.baseball:7.316356235607439E-7 
../../20_newsgroups/rec.autos/103774 rec.autos rec.autos:0.9931327385923258 rec.sport.hockey:0.0042549495646417 rec.sport.baseball:0.0016930694223368983 rec.motorcycles:9.192424206955965E-4 
../../20_newsgroups/rec.autos/103775 rec.autos rec.autos:0.9998217735840572 rec.motorcycles:1.6965744409660414E-4 rec.sport.baseball:6.1201246769116914E-6 rec.sport.hockey:2.4488471692113462E-6 
../../20_newsgroups/rec.autos/103776 rec.autos rec.autos:0.9889220657984297 rec.motorcycles:0.00955201900831722 rec.sport.baseball:0.0013325224056594572 rec.sport.hockey:1.933927875936548E-4 
../../20_newsgroups/rec.autos/103777 rec.autos rec.autos:0.9776907856140975 rec.motorcycles:0.022045662871241725 rec.sport.baseball:2.4690888280043014E-4 rec.sport.hockey:1.6642631860085864E-5 
../../20_newsgroups/rec.autos/103778 rec.autos rec.autos:0.9975647727573576 rec.motorcycles:0.0021510007204121077 rec.sport.hockey:2.8400380988955897E-4 rec.sport.baseball:2.2271234085516248E-7 
../../20_newsgroups/rec.autos/103779 rec.autos rec.autos:0.8147288047747405 rec.motorcycles:0.17768595549782673 rec.sport.hockey:0.006872298063746752 rec.sport.baseball:7.129416636861385E-4 
../../20_newsgroups/rec.autos/103780 rec.autos rec.autos:0.7812665348986623 rec.motorcycles:0.2183887339829979 rec.sport.hockey:1.955262392459342E-4 rec.sport.baseball:1.49204879093845E-4 
../../20_newsgroups/rec.autos/103781 rec.autos rec.autos:0.9020007251927291 rec.motorcycles:0.095737353322406 rec.sport.hockey:0.0017098809488755378 rec.sport.baseball:5.520405359892908E-4 
../../20_newsgroups/rec.autos/103801 rec.autos rec.autos:0.998920907452662 rec.motorcycles:7.907958081701976E-4 rec.sport.baseball:2.2740655159653953E-4 rec.sport.hockey:6.0890187571307975E-5 
../../20_newsgroups/rec.autos/103802 rec.autos rec.autos:0.8346241489943331 rec.sport.hockey:0.06427772055379806 rec.sport.baseball:0.05301014199942616 rec.motorcycles:0.048087988452442554 
../../20_newsgroups/rec.autos/103803 rec.autos rec.autos:0.9745389200569415 rec.motorcycles:0.016010058897149064 rec.sport.hockey:0.00854754354977916 rec.sport.baseball:9.034774961302523E-4 
../../20_newsgroups/rec.autos/103804 rec.autos rec.motorcycles:0.4162964014218938 rec.sport.baseball:0.3394584190395123 rec.autos:0.22923967064123937 rec.sport.hockey:0.015005508897354657 
../../20_newsgroups/rec.autos/103805 rec.autos rec.autos:0.720067920304552 rec.sport.baseball:0.2273965226774072 rec.motorcycles:0.03812279652662819 rec.sport.hockey:0.014412760491412442 
../../20_newsgroups/rec.autos/103806 rec.autos rec.autos:0.513054337319428 rec.motorcycles:0.4640816646373373 rec.sport.baseball:0.020926911842434188 rec.sport.hockey:0.001937086200800606 
../../20_newsgroups/rec.autos/103807 rec.autos rec.autos:0.9999999982095373 rec.motorcycles:1.097635172678566E-9 rec.sport.hockey:5.531663715883238E-10 rec.sport.baseball:1.3966106056115817E-10 
../../20_newsgroups/rec.autos/103808 rec.autos rec.autos:0.9986590785038235 rec.motorcycles:8.800407833403047E-4 rec.sport.baseball:3.446216790965431E-4 rec.sport.hockey:1.1625903373965925E-4 
../../20_newsgroups/rec.autos/103809 rec.autos rec.autos:0.9143532534032899 rec.motorcycles:0.08554350061114016 rec.sport.hockey:9.93074460724929E-5 rec.sport.baseball:3.938539497451627E-6 
../../20_newsgroups/rec.autos/103810 rec.autos rec.autos:0.9989827761444293 rec.sport.baseball:3.779922031558791E-4 rec.sport.hockey:3.4201216714198075E-4 rec.motorcycles:2.972194852728276E-4 
../../20_newsgroups/rec.autos/103811 rec.autos rec.autos:0.9666060870137241 rec.motorcycles:0.02657873600837202 rec.sport.hockey:0.005851435401941967 rec.sport.baseball:9.637415759618557E-4 
../../20_newsgroups/rec.autos/103812 rec.autos rec.autos:0.7395038128386725 rec.motorcycles:0.24103739245483974 rec.sport.baseball:0.01338261881596602 rec.sport.hockey:0.0060761758905218104 
../../20_newsgroups/rec.autos/103813 rec.autos rec.autos:0.9997089440845078 rec.motorcycles:2.2183391896089536E-4 rec.sport.baseball:3.9994311247206905E-5 rec.sport.hockey:2.922768528414113E-5 
../../20_newsgroups/rec.autos/103814 rec.autos rec.autos:0.9982322906196853 rec.sport.hockey:0.0014477995574067092 rec.motorcycles:3.091945330435841E-4 rec.sport.baseball:1.0715289864290614E-5 
../../20_newsgroups/rec.autos/103815 rec.autos rec.autos:0.9999421893305525 rec.motorcycles:5.757082448071888E-5 rec.sport.hockey:1.3452375319005002E-7 rec.sport.baseball:1.0532121362255606E-7 
../../20_newsgroups/rec.autos/103895 rec.autos rec.autos:0.9678782718310298 rec.motorcycles:0.021797553002836596 rec.sport.baseball:0.0070959897283691675 rec.sport.hockey:0.0032281854377641706 
../../20_newsgroups/rec.motorcycles/105137 rec.motorcycles rec.motorcycles:0.9999167122316763 rec.autos:8.129288667828888E-5 rec.sport.baseball:1.0568779023636633E-6 rec.sport.hockey:9.380037429715504E-7 
../../20_newsgroups/rec.motorcycles/105138 rec.motorcycles rec.motorcycles:0.8868765746896027 rec.autos:0.10485339298503622 rec.sport.hockey:0.005953544687294149 rec.sport.baseball:0.002316487638066828 
../../20_newsgroups/rec.motorcycles/105139 rec.motorcycles rec.motorcycles:0.999900233484052 rec.autos:9.975384931732723E-5 rec.sport.hockey:1.0154185411391307E-8 rec.sport.baseball:2.512445314710256E-9 
../../20_newsgroups/rec.motorcycles/105140 rec.motorcycles rec.motorcycles:0.9967292156640366 rec.autos:0.0031260465253112463 rec.sport.baseball:9.860288931756893E-5 rec.sport.hockey:4.613492133452537E-5 
../../20_newsgroups/rec.motorcycles/105141 rec.motorcycles rec.motorcycles:0.999999999983737 rec.autos:1.4680228417401858E-11 rec.sport.baseball:1.1675068512667057E-12 rec.sport.hockey:4.1514960933896724E-13 
../../20_newsgroups/rec.motorcycles/105142 rec.motorcycles rec.motorcycles:0.9402314524612553 rec.sport.hockey:0.03277663130528405 rec.autos:0.021344582690190742 rec.sport.baseball:0.005647333543269989 
../../20_newsgroups/rec.motorcycles/105143 rec.motorcycles rec.motorcycles:0.9988491066043117 rec.sport.hockey:9.102114183528922E-4 rec.sport.baseball:2.0365831068002837E-4 rec.autos:3.7023666655580716E-5 
../../20_newsgroups/rec.motorcycles/105144 rec.motorcycles rec.motorcycles:0.9999718963760459 rec.autos:2.6922384755829154E-5 rec.sport.hockey:9.729263543697933E-7 rec.sport.baseball:2.083128440215564E-7 
../../20_newsgroups/rec.motorcycles/105145 rec.motorcycles rec.motorcycles:0.9973207502748157 rec.sport.baseball:0.0013278126357300396 rec.sport.hockey:8.543764223630569E-4 rec.autos:4.970606670910646E-4 
../../20_newsgroups/rec.motorcycles/105146 rec.motorcycles rec.motorcycles:0.9999979210085107 rec.autos:1.665210098860213E-6 rec.sport.baseball:3.938506857501354E-7 rec.sport.hockey:1.9930704767034606E-8 
../../20_newsgroups/rec.motorcycles/105147 rec.motorcycles rec.motorcycles:0.9991621169315228 rec.autos:8.08740416364604E-4 rec.sport.hockey:2.640551814826974E-5 rec.sport.baseball:2.7371339642395976E-6 
../../20_newsgroups/rec.motorcycles/105148 rec.motorcycles rec.autos:0.9844814854979531 rec.motorcycles:0.015154792275744558 rec.sport.baseball:2.7788869924388063E-4 rec.sport.hockey:8.583352705842169E-5 
../../20_newsgroups/rec.motorcycles/105149 rec.motorcycles rec.motorcycles:0.999999998179087 rec.autos:1.0531555466782219E-9 rec.sport.baseball:7.456360497572447E-10 rec.sport.hockey:2.2121362784093102E-11 
../../20_newsgroups/rec.motorcycles/105150 rec.motorcycles rec.motorcycles:0.9917949397767919 rec.autos:0.008196179320479776 rec.sport.hockey:8.378880850658212E-6 rec.sport.baseball:5.020218775420058E-7 
../../20_newsgroups/rec.motorcycles/105151 rec.motorcycles rec.motorcycles:0.9999992742940735 rec.autos:7.256490637619251E-7 rec.sport.hockey:5.287757571707973E-11 rec.sport.baseball:3.984964790822995E-12 
../../20_newsgroups/rec.motorcycles/105152 rec.motorcycles rec.motorcycles:0.9990296433314964 rec.autos:8.938580591415864E-4 rec.sport.baseball:6.835492134321407E-5 rec.sport.hockey:8.143688018922115E-6 
../../20_newsgroups/rec.motorcycles/105153 rec.motorcycles rec.motorcycles:0.9876746020892516 rec.autos:0.007197976463362412 rec.sport.baseball:0.0026556068198487796 rec.sport.hockey:0.002471814627537196 
../../20_newsgroups/rec.motorcycles/105154 rec.motorcycles rec.sport.baseball:0.333559168210459 rec.sport.hockey:0.31876498173297624 rec.motorcycles:0.24219611106180405 rec.autos:0.10547973899476074 
../../20_newsgroups/rec.motorcycles/105155 rec.motorcycles rec.motorcycles:0.9720469246026541 rec.autos:0.024977579442361442 rec.sport.baseball:0.0028932401349865905 rec.sport.hockey:8.225581999798252E-5 
../../20_newsgroups/rec.motorcycles/105156 rec.motorcycles rec.motorcycles:0.9884862498068299 rec.sport.baseball:0.005391720063931035 rec.autos:0.0033788202662711764 rec.sport.hockey:0.002743209862967939 
../../20_newsgroups/rec.motorcycles/105157 rec.motorcycles rec.motorcycles:0.9780558862951705 rec.sport.baseball:0.021296603627931756 rec.sport.hockey:4.040249983518096E-4 rec.autos:2.4348507854596353E-4 
../../20_newsgroups/rec.motorcycles/105158 rec.motorcycles rec.motorcycles:0.9505665102195895 rec.sport.baseball:0.04570736329868 rec.autos:0.003137773873102243 rec.sport.hockey:5.883526086281458E-4 
../../20_newsgroups/rec.motorcycles/105159 rec.motorcycles rec.motorcycles:0.9985036986150191 rec.autos:9.113343141456599E-4 rec.sport.baseball:5.755617774419626E-4 rec.sport.hockey:9.40529339332687E-6 
../../20_newsgroups/rec.motorcycles/105160 rec.motorcycles rec.motorcycles:0.9999935225338322 rec.sport.baseball:5.0848575028514405E-6 rec.sport.hockey:7.164775906493616E-7 rec.autos:6.761310744869869E-7 
../../20_newsgroups/rec.motorcycles/105161 rec.motorcycles rec.motorcycles:0.4822148848948127 rec.sport.baseball:0.34528344232542735 rec.autos:0.13762998225245768 rec.sport.hockey:0.034871690527302476 
../../20_newsgroups/rec.motorcycles/105162 rec.motorcycles rec.motorcycles:0.9999981060175727 rec.autos:1.7611728157488704E-6 rec.sport.hockey:1.305541065464199E-7 rec.sport.baseball:2.2555049807429477E-9 
../../20_newsgroups/rec.motorcycles/105202 rec.motorcycles rec.motorcycles:0.9650268905683451 rec.sport.baseball:0.022081468095651438 rec.autos:0.007193625154559601 rec.sport.hockey:0.005698016181443661 
../../20_newsgroups/rec.motorcycles/105203 rec.motorcycles rec.motorcycles:0.9989275312995887 rec.autos:8.010013379102244E-4 rec.sport.hockey:2.4187033747633983E-4 rec.sport.baseball:2.9597025024857035E-5 
../../20_newsgroups/rec.motorcycles/105204 rec.motorcycles rec.motorcycles:0.9998778538065254 rec.autos:1.0363092785444393E-4 rec.sport.hockey:9.470710424377911E-6 rec.sport.baseball:9.044555195886962E-6 
../../20_newsgroups/rec.motorcycles/105205 rec.motorcycles rec.motorcycles:0.9816711378972491 rec.autos:0.01466293387581975 rec.sport.hockey:0.002610845143860263 rec.sport.baseball:0.0010550830830706437 
../../20_newsgroups/rec.motorcycles/105206 rec.motorcycles rec.motorcycles:0.9850501347995898 rec.autos:0.013899631854961366 rec.sport.hockey:0.0010285328260990897 rec.sport.baseball:2.1700519349733977E-5 
../../20_newsgroups/rec.motorcycles/105207 rec.motorcycles rec.motorcycles:0.9932338715748301 rec.sport.baseball:0.006131511245148691 rec.sport.hockey:5.144436774764618E-4 rec.autos:1.2017350254465029E-4 
../../20_newsgroups/rec.motorcycles/105208 rec.motorcycles rec.motorcycles:0.9995636708469892 rec.autos:4.334409189405718E-4 rec.sport.hockey:2.209389759584299E-6 rec.sport.baseball:6.78844310735869E-7 
../../20_newsgroups/rec.motorcycles/105209 rec.motorcycles rec.motorcycles:0.9743886349978546 rec.autos:0.013369203844483936 rec.sport.hockey:0.0070956561571705575 rec.sport.baseball:0.005146505000490943 
../../20_newsgroups/rec.motorcycles/105210 rec.motorcycles rec.motorcycles:0.9994158437690877 rec.autos:4.656665120231458E-4 rec.sport.hockey:7.800539225486591E-5 rec.sport.baseball:4.048432663427587E-5 
../../20_newsgroups/rec.motorcycles/105211 rec.motorcycles rec.motorcycles:0.872813823826774 rec.autos:0.12694142116459606 rec.sport.baseball:2.0261305143716668E-4 rec.sport.hockey:4.2141957192928335E-5 
../../20_newsgroups/rec.motorcycles/105212 rec.motorcycles rec.motorcycles:0.9919518651399722 rec.sport.baseball:0.004619765249488352 rec.sport.hockey:0.002810016548060149 rec.autos:6.18353062479075E-4 
../../20_newsgroups/rec.motorcycles/105213 rec.motorcycles rec.motorcycles:0.9880054319774866 rec.autos:0.011727330176498501 rec.sport.hockey:2.2144761234438277E-4 rec.sport.baseball:4.5790233670314516E-5 
../../20_newsgroups/rec.motorcycles/105214 rec.motorcycles rec.motorcycles:0.9998529770599802 rec.autos:1.3269278034230272E-4 rec.sport.hockey:1.1173675970309344E-5 rec.sport.baseball:3.156483706836181E-6 
../../20_newsgroups/rec.motorcycles/105215 rec.motorcycles rec.motorcycles:0.9999705491490907 rec.autos:1.6635583541370457E-5 rec.sport.baseball:1.1843911349829122E-5 rec.sport.hockey:9.713560181601193E-7 
../../20_newsgroups/rec.motorcycles/105216 rec.motorcycles rec.motorcycles:0.9820270854380989 rec.autos:0.016610515304159676 rec.sport.baseball:7.460799439020629E-4 rec.sport.hockey:6.163193138393657E-4 
../../20_newsgroups/rec.motorcycles/105217 rec.motorcycles rec.motorcycles:0.9999777946642986 rec.autos:2.1776989783091374E-5 rec.sport.baseball:2.9753409039871477E-7 rec.sport.hockey:1.308118278956454E-7 
../../20_newsgroups/rec.motorcycles/105218 rec.motorcycles rec.motorcycles:0.9852811947593798 rec.autos:0.012753839426596037 rec.sport.baseball:0.0011848385384638006 rec.sport.hockey:7.801272755604345E-4 
../../20_newsgroups/rec.motorcycles/105219 rec.motorcycles rec.motorcycles:0.9387524676672782 rec.autos:0.06111002598049599 rec.sport.baseball:9.481667825994045E-5 rec.sport.hockey:4.2689673965837184E-5 
../../20_newsgroups/rec.motorcycles/105220 rec.motorcycles rec.motorcycles:0.8732662664240989 rec.autos:0.1196014226184958 rec.sport.baseball:0.005493291193965738 rec.sport.hockey:0.0016390197634396021 
../../20_newsgroups/rec.motorcycles/105221 rec.motorcycles rec.autos:0.6226927517938443 rec.motorcycles:0.3772571323776702 rec.sport.baseball:4.6227173391462785E-5 rec.sport.hockey:3.8886550939382255E-6 
../../20_newsgroups/rec.motorcycles/105222 rec.motorcycles rec.motorcycles:0.9979728534802582 rec.autos:0.001988080293811266 rec.sport.hockey:3.0861326858084416E-5 rec.sport.baseball:8.20489907260073E-6 
../../20_newsgroups/rec.motorcycles/105223 rec.motorcycles rec.motorcycles:0.9938661156197357 rec.autos:0.0032790547668449014 rec.sport.baseball:0.0026367383887366063 rec.sport.hockey:2.1809122468299103E-4 
../../20_newsgroups/rec.motorcycles/105224 rec.motorcycles rec.motorcycles:0.9340670264532931 rec.sport.baseball:0.027080983229271594 rec.sport.hockey:0.026623187067923697 rec.autos:0.012228803249511803 
../../20_newsgroups/rec.motorcycles/105225 rec.motorcycles rec.autos:0.6199481964215644 rec.motorcycles:0.3737526146384143 rec.sport.hockey:0.004488367957581568 rec.sport.baseball:0.0018108209824398566 
../../20_newsgroups/rec.motorcycles/105226 rec.motorcycles rec.motorcycles:0.9927455257031886 rec.autos:0.007166565599541613 rec.sport.baseball:5.9191903808719045E-5 rec.sport.hockey:2.8716793461097127E-5 
../../20_newsgroups/rec.motorcycles/105227 rec.motorcycles rec.motorcycles:0.9957153174799002 rec.autos:0.00369772785284468 rec.sport.baseball:3.267053848857317E-4 rec.sport.hockey:2.602492823693808E-4 
../../20_newsgroups/rec.motorcycles/105228 rec.motorcycles rec.motorcycles:0.9987161075285304 rec.autos:8.964975263694026E-4 rec.sport.hockey:3.099647643961255E-4 rec.sport.baseball:7.743018070391304E-5 
../../20_newsgroups/rec.motorcycles/105229 rec.motorcycles rec.motorcycles:0.773303392180686 rec.autos:0.18628532704655681 rec.sport.hockey:0.03427341508476774 rec.sport.baseball:0.006137865687989561 
../../20_newsgroups/rec.motorcycles/105230 rec.motorcycles rec.motorcycles:0.9995068854222245 rec.sport.hockey:2.7783016784807275E-4 rec.autos:1.6062220343666798E-4 rec.sport.baseball:5.466220649068539E-5 
../../20_newsgroups/rec.motorcycles/105231 rec.motorcycles rec.motorcycles:0.9993725538794757 rec.autos:6.026370995936392E-4 rec.sport.hockey:1.7332083277000604E-5 rec.sport.baseball:7.476937653675725E-6 
../../20_newsgroups/rec.motorcycles/105232 rec.motorcycles rec.motorcycles:0.9955231472079236 rec.autos:0.0036758413450263395 rec.sport.baseball:4.10152340807666E-4 rec.sport.hockey:3.9085910624244693E-4 
../../20_newsgroups/rec.motorcycles/105233 rec.motorcycles rec.motorcycles:0.5749007390247761 rec.autos:0.35223064451932096 rec.sport.baseball:0.03705009873110156 rec.sport.hockey:0.035818517724801394 
../../20_newsgroups/rec.motorcycles/105234 rec.motorcycles rec.motorcycles:0.9999976660467166 rec.sport.hockey:1.9346727086699188E-6 rec.autos:3.042477117825073E-7 rec.sport.baseball:9.503286295100262E-8 
../../20_newsgroups/rec.motorcycles/105235 rec.motorcycles rec.motorcycles:0.9766293958263701 rec.autos:0.02328626569655497 rec.sport.baseball:8.161711819194657E-5 rec.sport.hockey:2.7213588828895235E-6 
../../20_newsgroups/rec.motorcycles/105236 rec.motorcycles rec.motorcycles:0.9999953647358665 rec.sport.hockey:3.333716247176105E-6 rec.sport.baseball:1.2468758896583646E-6 rec.autos:5.467199691174229E-8 
../../20_newsgroups/rec.motorcycles/105237 rec.motorcycles rec.motorcycles:0.9980357592753695 rec.autos:0.0016864840848399754 rec.sport.hockey:2.135698377150019E-4 rec.sport.baseball:6.418680207570754E-5 
../../20_newsgroups/rec.motorcycles/105238 rec.motorcycles rec.autos:0.5063183461119433 rec.motorcycles:0.40696048207166113 rec.sport.baseball:0.05744536184089698 rec.sport.hockey:0.029275809975498644 
../../20_newsgroups/rec.motorcycles/105239 rec.motorcycles rec.motorcycles:0.9999999999792568 rec.autos:2.074316783569728E-11 rec.sport.baseball:1.2926590491345494E-23 rec.sport.hockey:2.317067015354638E-25 
../../20_newsgroups/rec.motorcycles/105240 rec.motorcycles rec.motorcycles:0.9999427490987665 rec.sport.hockey:4.982613990740229E-5 rec.sport.baseball:7.378928664384692E-6 rec.autos:4.5832662003157165E-8 
../../20_newsgroups/rec.motorcycles/105241 rec.motorcycles rec.motorcycles:0.9999897051247558 rec.sport.baseball:5.1744952580124596E-6 rec.sport.hockey:3.2001948761467933E-6 rec.autos:1.920185109968343E-6 
../../20_newsgroups/rec.motorcycles/105242 rec.motorcycles rec.motorcycles:0.999596519479368 rec.sport.hockey:2.8581456009692333E-4 rec.autos:8.925333031150423E-5 rec.sport.baseball:2.841263022357255E-5 
../../20_newsgroups/rec.motorcycles/105243 rec.motorcycles rec.motorcycles:0.9960253388138695 rec.sport.baseball:0.0030606800206373595 rec.sport.hockey:6.982965761993148E-4 rec.autos:2.1568458929380554E-4 
../../20_newsgroups/rec.motorcycles/105244 rec.motorcycles rec.motorcycles:0.9990468644023273 rec.autos:4.5209986594285754E-4 rec.sport.hockey:4.2694337325811343E-4 rec.sport.baseball:7.409235847169442E-5 
../../20_newsgroups/rec.motorcycles/105245 rec.motorcycles rec.motorcycles:0.9974910444848719 rec.autos:0.0016475203875105451 rec.sport.baseball:8.601990720852861E-4 rec.sport.hockey:1.236055532285497E-6 
../../20_newsgroups/rec.motorcycles/105246 rec.motorcycles rec.motorcycles:0.9533676558360911 rec.autos:0.04662252555551506 rec.sport.baseball:9.672067380033453E-6 rec.sport.hockey:1.4654101387877747E-7 
../../20_newsgroups/rec.motorcycles/105247 rec.motorcycles rec.autos:0.49038643482023214 rec.motorcycles:0.485475540338788 rec.sport.baseball:0.023627033255768454 rec.sport.hockey:5.109915852113539E-4 
../../20_newsgroups/rec.motorcycles/105248 rec.motorcycles rec.motorcycles:0.45773459282525 rec.autos:0.44025354817243856 rec.sport.baseball:0.05258540966015047 rec.sport.hockey:0.049426449342160915 
../../20_newsgroups/rec.motorcycles/105249 rec.motorcycles rec.motorcycles:0.9995644849883738 rec.sport.baseball:2.1375570447744642E-4 rec.sport.hockey:1.3838975837342032E-4 rec.autos:8.336954877528962E-5 
../../20_newsgroups/rec.motorcycles/105250 rec.motorcycles rec.motorcycles:0.999999677114268 rec.autos:3.215975074172387E-7 rec.sport.baseball:9.024930933344727E-10 rec.sport.hockey:3.857314688229599E-10 
../../20_newsgroups/rec.motorcycles/105251 rec.motorcycles rec.motorcycles:0.9999999982474328 rec.autos:1.7518195868108799E-9 rec.sport.hockey:4.552290860362456E-13 rec.sport.baseball:2.923833765173015E-13 
../../20_newsgroups/rec.motorcycles/105252 rec.motorcycles rec.motorcycles:0.9998568021033081 rec.sport.hockey:1.1454192210042867E-4 rec.autos:2.0326874742448606E-5 rec.sport.baseball:8.329099849029308E-6 
../../20_newsgroups/rec.motorcycles/105253 rec.motorcycles rec.motorcycles:0.9999999821648461 rec.autos:1.75223503862753E-8 rec.sport.baseball:1.7535900184400065E-10 rec.sport.hockey:1.3744438898519405E-10 
../../20_newsgroups/rec.motorcycles/105254 rec.motorcycles rec.motorcycles:0.9636404316098676 rec.autos:0.01648138948438127 rec.sport.baseball:0.011872851562191774 rec.sport.hockey:0.00800532734355952 
../../20_newsgroups/rec.motorcycles/105255 rec.motorcycles rec.motorcycles:0.9999242752605951 rec.autos:4.068586240739335E-5 rec.sport.hockey:2.31147379497559E-5 rec.sport.baseball:1.1924139047658919E-5 
../../20_newsgroups/rec.motorcycles/105256 rec.motorcycles rec.motorcycles:0.993164044538713 rec.autos:0.004167093714726761 rec.sport.baseball:0.001587726655010909 rec.sport.hockey:0.0010811350915493336 
../../20_newsgroups/rec.motorcycles/105257 rec.motorcycles rec.motorcycles:0.6622057877060463 rec.autos:0.3135373814429147 rec.sport.hockey:0.01847446643123619 rec.sport.baseball:0.005782364419802912 
../../20_newsgroups/rec.motorcycles/105258 rec.motorcycles rec.motorcycles:0.9995818930560755 rec.sport.baseball:2.39940226375027E-4 rec.sport.hockey:9.942349244215618E-5 rec.autos:7.874322510733006E-5 
../../20_newsgroups/rec.motorcycles/105259 rec.motorcycles rec.motorcycles:0.9991659995502244 rec.sport.hockey:3.7717379727454897E-4 rec.autos:2.727259299420334E-4 rec.sport.baseball:1.841007225588337E-4 
../../20_newsgroups/rec.motorcycles/105260 rec.motorcycles rec.motorcycles:0.999971834691592 rec.autos:2.722632637724095E-5 rec.sport.hockey:6.746055593635263E-7 rec.sport.baseball:2.643764714801596E-7 
../../20_newsgroups/rec.motorcycles/105261 rec.motorcycles rec.motorcycles:0.968724559947489 rec.autos:0.028508492443652615 rec.sport.hockey:0.002672653763910632 rec.sport.baseball:9.429384494767669E-5 
../../20_newsgroups/rec.motorcycles/105262 rec.motorcycles rec.motorcycles:0.9978144172406862 rec.autos:0.001179979759402499 rec.sport.baseball:9.457256985495677E-4 rec.sport.hockey:5.987730136164924E-5 
../../20_newsgroups/rec.motorcycles/105263 rec.motorcycles rec.motorcycles:0.9998553512057682 rec.autos:6.82162381643654E-5 rec.sport.hockey:4.8249297907721276E-5 rec.sport.baseball:2.818325815997273E-5 
../../20_newsgroups/rec.motorcycles/105380 rec.motorcycles rec.motorcycles:0.7647238836449125 rec.autos:0.22732991201327996 rec.sport.hockey:0.005449396551423431 rec.sport.baseball:0.002496807790384119 
../../20_newsgroups/rec.motorcycles/105381 rec.motorcycles rec.motorcycles:0.9174018725050587 rec.autos:0.041907532643548205 rec.sport.baseball:0.027414976882875742 rec.sport.hockey:0.013275617968517107 
../../20_newsgroups/rec.motorcycles/105517 rec.motorcycles rec.autos:0.46346405289400544 rec.sport.baseball:0.2704356124024082 rec.motorcycles:0.23962815270857335 rec.sport.hockey:0.026472181995012854 
../../20_newsgroups/rec.motorcycles/105558 rec.motorcycles rec.motorcycles:0.9981942491834724 rec.autos:0.00180374395897947 rec.sport.baseball:1.9558412659714427E-6 rec.sport.hockey:5.1016282074895397E-8 
../../20_newsgroups/rec.motorcycles/105559 rec.motorcycles rec.motorcycles:0.6421994350761946 rec.sport.baseball:0.21683461618487912 rec.autos:0.13450201965941602 rec.sport.hockey:0.006463929079510404 
../../20_newsgroups/rec.motorcycles/105560 rec.motorcycles rec.motorcycles:0.9999211718504821 rec.sport.baseball:3.873445033966698E-5 rec.autos:3.66782625788272E-5 rec.sport.hockey:3.4154365992737465E-6 
../../20_newsgroups/rec.motorcycles/105561 rec.motorcycles rec.motorcycles:0.6149670205073943 rec.autos:0.2995418092827036 rec.sport.hockey:0.05291039175784319 rec.sport.baseball:0.03258077845205895 
../../20_newsgroups/rec.motorcycles/105563 rec.motorcycles rec.motorcycles:0.7216591589196992 rec.autos:0.16341877395781673 rec.sport.baseball:0.11451868112757049 rec.sport.hockey:4.033859949136548E-4 
../../20_newsgroups/rec.motorcycles/105564 rec.motorcycles rec.motorcycles:0.9999177217502317 rec.autos:7.992262128535087E-5 rec.sport.hockey:2.0484042821714088E-6 rec.sport.baseball:3.0722420069033154E-7 
../../20_newsgroups/rec.motorcycles/105661 rec.motorcycles rec.motorcycles:0.999981320118783 rec.autos:1.863863146893818E-5 rec.sport.hockey:2.5008842298573673E-8 rec.sport.baseball:1.6240905683960258E-8 
../../20_newsgroups/rec.motorcycles/105662 rec.motorcycles rec.motorcycles:0.9986111436559673 rec.autos:0.0013251275919368745 rec.sport.baseball:6.205579236421923E-5 rec.sport.hockey:1.6729597318472342E-6 
../../20_newsgroups/rec.motorcycles/72052 rec.motorcycles rec.motorcycles:0.5844245286441951 rec.autos:0.3547148950078048 rec.sport.baseball:0.048866812745470084 rec.sport.hockey:0.01199376360253006 
../../20_newsgroups/rec.sport.baseball/105058 rec.sport.baseball rec.sport.baseball:0.9834993209326484 rec.autos:0.009595186300648503 rec.motorcycles:0.006038537076010575 rec.sport.hockey:8.669556906924756E-4 
