 Raw Testing Data
../../20_newsgroups/talk.politics.guns/55093 talk.politics.guns talk.politics.guns:0.9764042954260457 talk.politics.misc:0.014948112842857394 talk.politics.mideast:0.008647591731097045 
../../20_newsgroups/talk.politics.guns/55094 talk.politics.guns talk.politics.guns:0.986759453094048 talk.politics.mideast:0.0084002975254165 talk.politics.misc:0.004840249380535593 
../../20_newsgroups/talk.politics.guns/55095 talk.politics.guns talk.politics.guns:0.7046713577728099 talk.politics.misc:0.2458661305676874 talk.politics.mideast:0.04946251165950261 
../../20_newsgroups/talk.politics.guns/55096 talk.politics.guns talk.politics.guns:1.0 talk.politics.misc:2.0676899946561103E-17 talk.politics.mideast:2.078152868572222E-22 
../../20_newsgroups/talk.politics.guns/55097 talk.politics.guns talk.politics.guns:0.999998715696493 talk.politics.misc:1.2631770554349691E-6 talk.politics.mideast:2.112645171462659E-8 
../../20_newsgroups/talk.politics.guns/55098 talk.politics.guns talk.politics.guns:0.7323083963255407 talk.politics.misc:0.2672835271413019 talk.politics.mideast:4.08076533157481E-4 
../../20_newsgroups/talk.politics.guns/55099 talk.politics.guns talk.politics.guns:0.4482517122332144 talk.politics.misc:0.40242366121048356 talk.politics.mideast:0.149324626556302 
../../20_newsgroups/talk.politics.guns/55100 talk.politics.guns talk.politics.guns:0.7456949975338101 talk.politics.misc:0.15509442773968476 talk.politics.mideast:0.09921057472650521 
../../20_newsgroups/talk.politics.guns/55101 talk.politics.guns talk.politics.guns:0.9839944590627726 talk.politics.misc:0.015983241574423327 talk.politics.mideast:2.2299362804106976E-5 
../../20_newsgroups/talk.politics.guns/55102 talk.politics.guns talk.politics.guns:0.897526956173761 talk.politics.misc:0.10247304248134788 talk.politics.mideast:1.3448910459412539E-9 
../../20_newsgroups/talk.politics.guns/55103 talk.politics.guns talk.politics.guns:0.9824541397172902 talk.politics.misc:0.017453027237564027 talk.politics.mideast:9.283304514566131E-5 
../../20_newsgroups/talk.politics.guns/55104 talk.politics.guns talk.politics.guns:0.9937506304028126 talk.politics.misc:0.006242265138524395 talk.politics.mideast:7.104458662809287E-6 
../../20_newsgroups/talk.politics.guns/55105 talk.politics.guns talk.politics.guns:0.9999997988021873 talk.politics.misc:2.0119779372950516E-7 talk.politics.mideast:1.9060393093972085E-14 
../../20_newsgroups/talk.politics.guns/55106 talk.politics.guns talk.politics.guns:0.9999821817861457 talk.politics.mideast:1.1084226613063634E-5 talk.politics.misc:6.733987241129779E-6 
../../20_newsgroups/talk.politics.guns/55107 talk.politics.guns talk.politics.guns:0.752707723391064 talk.politics.mideast:0.1934954014717192 talk.politics.misc:0.05379687513721682 
../../20_newsgroups/talk.politics.guns/55108 talk.politics.guns talk.politics.guns:0.9996500162184796 talk.politics.misc:1.985849090618502E-4 talk.politics.mideast:1.5139887245852146E-4 
../../20_newsgroups/talk.politics.guns/55109 talk.politics.guns talk.politics.guns:0.8892313439232858 talk.politics.misc:0.11045740457302958 talk.politics.mideast:3.112515036846046E-4 
../../20_newsgroups/talk.politics.guns/55110 talk.politics.guns talk.politics.guns:0.9999999903023361 talk.politics.misc:9.69766393283875E-9 talk.politics.mideast:1.016901341637544E-16 
../../20_newsgroups/talk.politics.guns/55111 talk.politics.guns talk.politics.guns:0.8826522461141069 talk.politics.mideast:0.06548696395612147 talk.politics.misc:0.051860789929771736 
../../20_newsgroups/talk.politics.guns/55112 talk.politics.guns talk.politics.guns:0.9922240433551198 talk.politics.misc:0.007743186638102961 talk.politics.mideast:3.277000677715003E-5 
../../20_newsgroups/talk.politics.guns/55113 talk.politics.guns talk.politics.guns:0.6583522321050439 talk.politics.misc:0.28874030043227994 talk.politics.mideast:0.052907467462676064 
../../20_newsgroups/talk.politics.guns/55114 talk.politics.guns talk.politics.guns:0.7974154417656915 talk.politics.misc:0.1827978746822776 talk.politics.mideast:0.01978668355203099 
../../20_newsgroups/talk.politics.guns/55115 talk.politics.guns talk.politics.guns:0.7199994188235407 talk.politics.misc:0.2799489112468558 talk.politics.mideast:5.1669929603536255E-5 
../../20_newsgroups/talk.politics.guns/55116 talk.politics.guns talk.politics.guns:0.9927212251884651 talk.politics.mideast:0.006958294190818354 talk.politics.misc:3.2048062071649155E-4 
../../20_newsgroups/talk.politics.guns/55117 talk.politics.guns talk.politics.guns:0.6963457770005286 talk.politics.mideast:0.16147998481714315 talk.politics.misc:0.14217423818232822 
../../20_newsgroups/talk.politics.guns/55118 talk.politics.guns talk.politics.guns:0.6534840940857289 talk.politics.misc:0.3463620920806609 talk.politics.mideast:1.5381383361004E-4 
../../20_newsgroups/talk.politics.guns/55119 talk.politics.guns talk.politics.guns:0.9848520647983935 talk.politics.misc:0.015092334851945275 talk.politics.mideast:5.5600349661298155E-5 
../../20_newsgroups/talk.politics.guns/55120 talk.politics.guns talk.politics.guns:0.9380073037390786 talk.politics.misc:0.05996367785314885 talk.politics.mideast:0.00202901840777264 
../../20_newsgroups/talk.politics.guns/55121 talk.politics.guns talk.politics.guns:0.9999799013244142 talk.politics.misc:2.0098211377459108E-5 talk.politics.mideast:4.6420837937338087E-10 
../../20_newsgroups/talk.politics.guns/55122 talk.politics.guns talk.politics.guns:0.9999952332567853 talk.politics.misc:4.766742997400045E-6 talk.politics.mideast:2.1742515184786458E-13 
../../20_newsgroups/talk.politics.guns/55123 talk.politics.guns talk.politics.guns:0.9932934032256445 talk.politics.misc:0.004773766611636738 talk.politics.mideast:0.001932830162718705 
../../20_newsgroups/talk.politics.guns/55124 talk.politics.guns talk.politics.guns:0.9815801513562493 talk.politics.misc:0.01746821345912778 talk.politics.mideast:9.516351846229321E-4 
../../20_newsgroups/talk.politics.guns/55125 talk.politics.guns talk.politics.guns:0.4777750552193304 talk.politics.misc:0.44861270908230766 talk.politics.mideast:0.07361223569836192 
../../20_newsgroups/talk.politics.guns/55126 talk.politics.guns talk.politics.guns:0.9991603697304579 talk.politics.misc:8.396260696461411E-4 talk.politics.mideast:4.199896087311725E-9 
../../20_newsgroups/talk.politics.guns/55231 talk.politics.guns talk.politics.guns:0.8495152754170597 talk.politics.misc:0.11208162277069915 talk.politics.mideast:0.03840310181224108 
../../20_newsgroups/talk.politics.guns/55232 talk.politics.guns talk.politics.guns:0.9873655892557834 talk.politics.misc:0.012622119134801397 talk.politics.mideast:1.2291609415273316E-5 
../../20_newsgroups/talk.politics.guns/55233 talk.politics.guns talk.politics.guns:0.9999901718082254 talk.politics.misc:9.808666387283404E-6 talk.politics.mideast:1.952538730589111E-8 
../../20_newsgroups/talk.politics.guns/55234 talk.politics.guns talk.politics.guns:0.9835728398618763 talk.politics.mideast:0.015286918353663713 talk.politics.misc:0.0011402417844600336 
../../20_newsgroups/talk.politics.guns/55235 talk.politics.guns talk.politics.mideast:0.5898964327105832 talk.politics.misc:0.2620506103349494 talk.politics.guns:0.14805295695446732 
../../20_newsgroups/talk.politics.guns/55236 talk.politics.guns talk.politics.guns:0.9855797895831838 talk.politics.misc:0.013266688052107338 talk.politics.mideast:0.001153522364708865 
../../20_newsgroups/talk.politics.guns/55238 talk.politics.guns talk.politics.guns:0.9962308322875734 talk.politics.misc:0.003726469509774722 talk.politics.mideast:4.2698202651998986E-5 
../../20_newsgroups/talk.politics.guns/55239 talk.politics.guns talk.politics.misc:0.5657411809933136 talk.politics.guns:0.4075506884579171 talk.politics.mideast:0.026708130548769304 
../../20_newsgroups/talk.politics.guns/55240 talk.politics.guns talk.politics.guns:0.9999987389591406 talk.politics.misc:1.2605671216663025E-6 talk.politics.mideast:4.737378232849932E-10 
../../20_newsgroups/talk.politics.guns/55241 talk.politics.guns talk.politics.guns:0.9999778028399408 talk.politics.misc:2.2196462777300305E-5 talk.politics.mideast:6.972818127876709E-10 
../../20_newsgroups/talk.politics.guns/55246 talk.politics.guns talk.politics.misc:0.5333090235052911 talk.politics.guns:0.31864057124652684 talk.politics.mideast:0.14805040524818217 
../../20_newsgroups/talk.politics.guns/55247 talk.politics.guns talk.politics.guns:0.5691003547221433 talk.politics.misc:0.3405980188636379 talk.politics.mideast:0.09030162641421886 
../../20_newsgroups/talk.politics.guns/55248 talk.politics.guns talk.politics.misc:0.49972298049075614 talk.politics.guns:0.4860456867144151 talk.politics.mideast:0.014231332794828766 
../../20_newsgroups/talk.politics.guns/55249 talk.politics.guns talk.politics.guns:0.9999999999857034 talk.politics.misc:1.4296237714300511E-11 talk.politics.mideast:1.3640782994592766E-16 
../../20_newsgroups/talk.politics.guns/55250 talk.politics.guns talk.politics.mideast:0.6017172975214324 talk.politics.guns:0.20623715127288025 talk.politics.misc:0.1920455512056873 
../../20_newsgroups/talk.politics.guns/55251 talk.politics.guns talk.politics.guns:0.9999953303204799 talk.politics.misc:4.669678306940239E-6 talk.politics.mideast:1.2130458448590553E-12 
../../20_newsgroups/talk.politics.guns/55252 talk.politics.guns talk.politics.misc:0.8586905125130473 talk.politics.guns:0.08952357630722627 talk.politics.mideast:0.051785911179726404 
../../20_newsgroups/talk.politics.guns/55253 talk.politics.guns talk.politics.misc:0.8586905125130473 talk.politics.guns:0.08952357630722627 talk.politics.mideast:0.051785911179726404 
../../20_newsgroups/talk.politics.guns/55254 talk.politics.guns talk.politics.misc:0.8586905125130473 talk.politics.guns:0.08952357630722627 talk.politics.mideast:0.051785911179726404 
../../20_newsgroups/talk.politics.guns/55255 talk.politics.guns talk.politics.misc:0.8586905125130473 talk.politics.guns:0.08952357630722627 talk.politics.mideast:0.051785911179726404 
../../20_newsgroups/talk.politics.guns/55256 talk.politics.guns talk.politics.guns:0.6808261996347896 talk.politics.mideast:0.2750741878744877 talk.politics.misc:0.044099612490722855 
../../20_newsgroups/talk.politics.guns/55257 talk.politics.guns talk.politics.misc:0.8586905125130473 talk.politics.guns:0.08952357630722627 talk.politics.mideast:0.051785911179726404 
../../20_newsgroups/talk.politics.guns/55258 talk.politics.guns talk.politics.guns:0.99998525635915 talk.politics.misc:1.4279325558743453E-5 talk.politics.mideast:4.643152911045698E-7 
../../20_newsgroups/talk.politics.guns/55259 talk.politics.guns talk.politics.guns:0.9999825920154717 talk.politics.misc:1.723741180119687E-5 talk.politics.mideast:1.7057272716069006E-7 
../../20_newsgroups/talk.politics.guns/55260 talk.politics.guns talk.politics.guns:0.7702098946694941 talk.politics.misc:0.22575988332508998 talk.politics.mideast:0.004030222005416035 
../../20_newsgroups/talk.politics.guns/55261 talk.politics.guns talk.politics.guns:0.6855070561423133 talk.politics.misc:0.21558465260204007 talk.politics.mideast:0.09890829125564658 
../../20_newsgroups/talk.politics.guns/55262 talk.politics.guns talk.politics.guns:0.9521193105498065 talk.politics.misc:0.0468960871553927 talk.politics.mideast:9.846022948006646E-4 
../../20_newsgroups/talk.politics.guns/55263 talk.politics.guns talk.politics.guns:0.9890052524866128 talk.politics.misc:0.008533005410994459 talk.politics.mideast:0.0024617421023928306 
../../20_newsgroups/talk.politics.guns/55264 talk.politics.guns talk.politics.guns:0.8074875940936532 talk.politics.misc:0.11267512049429908 talk.politics.mideast:0.07983728541204776 
../../20_newsgroups/talk.politics.guns/55265 talk.politics.guns talk.politics.guns:0.9999753026490154 talk.politics.misc:2.2750094050512147E-5 talk.politics.mideast:1.9472569341752615E-6 
../../20_newsgroups/talk.politics.guns/55266 talk.politics.guns talk.politics.misc:0.9996334301835299 talk.politics.guns:3.6652641682226143E-4 talk.politics.mideast:4.339964785124235E-8 
../../20_newsgroups/talk.politics.guns/55267 talk.politics.guns talk.politics.guns:0.6634575305553535 talk.politics.mideast:0.23002177505336882 talk.politics.misc:0.10652069439127769 
../../20_newsgroups/talk.politics.guns/55268 talk.politics.guns talk.politics.guns:0.9996964704794687 talk.politics.misc:3.0271491119726276E-4 talk.politics.mideast:8.146093339695028E-7 
../../20_newsgroups/talk.politics.guns/55269 talk.politics.guns talk.politics.guns:0.5324836541656877 talk.politics.misc:0.45799977025381244 talk.politics.mideast:0.009516575580499892 
../../20_newsgroups/talk.politics.guns/55270 talk.politics.guns talk.politics.guns:0.604840061680432 talk.politics.misc:0.3720344925995687 talk.politics.mideast:0.023125445719999353 
../../20_newsgroups/talk.politics.guns/55271 talk.politics.guns talk.politics.guns:0.9809262764487372 talk.politics.misc:0.016132319736182624 talk.politics.mideast:0.002941403815079966 
../../20_newsgroups/talk.politics.guns/55272 talk.politics.guns talk.politics.guns:0.9316703285228713 talk.politics.misc:0.06830458797991065 talk.politics.mideast:2.508349721806379E-5 
../../20_newsgroups/talk.politics.guns/55273 talk.politics.guns talk.politics.guns:0.9918653059613334 talk.politics.misc:0.007953641406319541 talk.politics.mideast:1.8105263234720472E-4 
../../20_newsgroups/talk.politics.guns/55274 talk.politics.guns talk.politics.misc:0.7423755394903664 talk.politics.mideast:0.2513807414548849 talk.politics.guns:0.006243719054748658 
../../20_newsgroups/talk.politics.guns/55275 talk.politics.guns talk.politics.guns:0.9938147436964145 talk.politics.mideast:0.006130492074454396 talk.politics.misc:5.476422913098675E-5 
../../20_newsgroups/talk.politics.guns/55276 talk.politics.guns talk.politics.guns:0.8387623962320451 talk.politics.mideast:0.13821608673315486 talk.politics.misc:0.02302151703480003 
../../20_newsgroups/talk.politics.guns/55277 talk.politics.guns talk.politics.misc:0.7097534707557812 talk.politics.guns:0.2892240986802331 talk.politics.mideast:0.001022430563985802 
../../20_newsgroups/talk.politics.guns/55278 talk.politics.guns talk.politics.misc:0.8384225796046162 talk.politics.mideast:0.1331564880170194 talk.politics.guns:0.028420932378364402 
../../20_newsgroups/talk.politics.guns/55279 talk.politics.guns talk.politics.guns:0.9999926201741935 talk.politics.mideast:6.353200121978941E-6 talk.politics.misc:1.0266256845532045E-6 
../../20_newsgroups/talk.politics.guns/55280 talk.politics.guns talk.politics.guns:0.9986311383410714 talk.politics.misc:0.001365385314655479 talk.politics.mideast:3.476344273033352E-6 
../../20_newsgroups/talk.politics.guns/55425 talk.politics.guns talk.politics.guns:0.9991502450758089 talk.politics.misc:8.338886740899324E-4 talk.politics.mideast:1.5866250101306676E-5 
../../20_newsgroups/talk.politics.guns/55426 talk.politics.guns talk.politics.guns:0.9965943406122783 talk.politics.misc:0.0020274031881634628 talk.politics.mideast:0.001378256199558153 
../../20_newsgroups/talk.politics.guns/55467 talk.politics.guns talk.politics.guns:0.9872126240573317 talk.politics.misc:0.0127735061283806 talk.politics.mideast:1.3869814287800666E-5 
../../20_newsgroups/talk.politics.guns/55468 talk.politics.guns talk.politics.guns:0.9850155092448178 talk.politics.misc:0.013136492003603444 talk.politics.mideast:0.0018479987515787433 
../../20_newsgroups/talk.politics.guns/55469 talk.politics.guns talk.politics.guns:0.7007690164851678 talk.politics.misc:0.2984151131380544 talk.politics.mideast:8.158703767778839E-4 
../../20_newsgroups/talk.politics.guns/55470 talk.politics.guns talk.politics.guns:0.9938049101089154 talk.politics.misc:0.006112360789395508 talk.politics.mideast:8.272910168906785E-5 
../../20_newsgroups/talk.politics.guns/55471 talk.politics.guns talk.politics.guns:0.9853152297909055 talk.politics.misc:0.014540160634159038 talk.politics.mideast:1.4460957493550377E-4 
../../20_newsgroups/talk.politics.guns/55472 talk.politics.guns talk.politics.misc:0.9315951148400972 talk.politics.guns:0.05557615294605697 talk.politics.mideast:0.012828732213845792 
../../20_newsgroups/talk.politics.guns/55473 talk.politics.guns talk.politics.guns:0.999999194407159 talk.politics.misc:7.286149733138667E-7 talk.politics.mideast:7.697786746902606E-8 
../../20_newsgroups/talk.politics.guns/55474 talk.politics.guns talk.politics.guns:0.9789569098665075 talk.politics.misc:0.01431016650945292 talk.politics.mideast:0.0067329236240394165 
../../20_newsgroups/talk.politics.guns/55475 talk.politics.guns talk.politics.guns:0.9912394611662226 talk.politics.misc:0.008462646616059262 talk.politics.mideast:2.9789221771813347E-4 
../../20_newsgroups/talk.politics.guns/55476 talk.politics.guns talk.politics.misc:0.5245934723299179 talk.politics.mideast:0.46243104074784896 talk.politics.guns:0.012975486922233081 
../../20_newsgroups/talk.politics.guns/55482 talk.politics.guns talk.politics.guns:0.5992872667958306 talk.politics.misc:0.3611602818937116 talk.politics.mideast:0.03955245131045781 
../../20_newsgroups/talk.politics.guns/55483 talk.politics.guns talk.politics.misc:0.5787990607248689 talk.politics.guns:0.3905630859300402 talk.politics.mideast:0.030637853345090966 
../../20_newsgroups/talk.politics.guns/55484 talk.politics.guns talk.politics.guns:0.9999999999953924 talk.politics.misc:4.607549342033879E-12 talk.politics.mideast:3.169783913646244E-17 
../../20_newsgroups/talk.politics.guns/55485 talk.politics.guns talk.politics.guns:0.8035193581686957 talk.politics.misc:0.19634182876715384 talk.politics.mideast:1.388130641504454E-4 
../../20_newsgroups/talk.politics.guns/55486 talk.politics.guns talk.politics.guns:0.9749776090277523 talk.politics.misc:0.017300764046228767 talk.politics.mideast:0.007721626926018999 
../../20_newsgroups/talk.politics.guns/55487 talk.politics.guns talk.politics.guns:0.788720870545678 talk.politics.misc:0.19852249609070777 talk.politics.mideast:0.012756633363614286 
../../20_newsgroups/talk.politics.guns/55488 talk.politics.guns talk.politics.guns:0.7746602464228747 talk.politics.misc:0.19339934705993775 talk.politics.mideast:0.03194040651718763 
../../20_newsgroups/talk.politics.guns/55489 talk.politics.guns talk.politics.guns:0.9976196482195862 talk.politics.mideast:0.0014842163425924496 talk.politics.misc:8.961354378213167E-4 
../../20_newsgroups/talk.politics.guns/55490 talk.politics.guns talk.politics.guns:0.8519484265807614 talk.politics.misc:0.1424150793393314 talk.politics.mideast:0.005636494079907085 
../../20_newsgroups/talk.politics.mideast/77324 talk.politics.mideast talk.politics.mideast:0.420214576079764 talk.politics.guns:0.3085980167566988 talk.politics.misc:0.2711874071635372 
../../20_newsgroups/talk.politics.mideast/77325 talk.politics.mideast talk.politics.mideast:0.9008600363466891 talk.politics.misc:0.09310344171264225 talk.politics.guns:0.006036521940668632 
../../20_newsgroups/talk.politics.mideast/77326 talk.politics.mideast talk.politics.mideast:0.999996125877133 talk.politics.misc:3.783778981649172E-6 talk.politics.guns:9.034388521887015E-8 
../../20_newsgroups/talk.politics.mideast/77327 talk.politics.mideast talk.politics.mideast:0.9999999977348506 talk.politics.misc:2.264981354607391E-9 talk.politics.guns:1.6818770058670554E-13 
../../20_newsgroups/talk.politics.mideast/77328 talk.politics.mideast talk.politics.mideast:0.9999171458728964 talk.politics.guns:4.597357793758226E-5 talk.politics.misc:3.688054916604009E-5 
../../20_newsgroups/talk.politics.mideast/77329 talk.politics.mideast talk.politics.guns:0.4941787641690047 talk.politics.misc:0.30947727687663606 talk.politics.mideast:0.1963439589543591 
../../20_newsgroups/talk.politics.mideast/77330 talk.politics.mideast talk.politics.mideast:0.9955257934576284 talk.politics.misc:0.004226354394550644 talk.politics.guns:2.478521478209866E-4 
../../20_newsgroups/talk.politics.mideast/77331 talk.politics.mideast talk.politics.mideast:0.9999939627049829 talk.politics.misc:6.037293268942653E-6 talk.politics.guns:1.748247210279754E-12 
../../20_newsgroups/talk.politics.mideast/77332 talk.politics.mideast talk.politics.mideast:0.999953075783006 talk.politics.misc:4.328791366917661E-5 talk.politics.guns:3.636303324821222E-6 
../../20_newsgroups/talk.politics.mideast/77333 talk.politics.mideast talk.politics.mideast:0.9999986088163568 talk.politics.misc:1.390486199061649E-6 talk.politics.guns:6.974441256704694E-10 
../../20_newsgroups/talk.politics.mideast/77334 talk.politics.mideast talk.politics.mideast:0.9999919620371548 talk.politics.misc:7.303060949704944E-6 talk.politics.guns:7.349018953753183E-7 
../../20_newsgroups/talk.politics.mideast/77335 talk.politics.mideast talk.politics.mideast:0.9999645126387473 talk.politics.guns:2.6210709475715222E-5 talk.politics.misc:9.27665177703131E-6 
../../20_newsgroups/talk.politics.mideast/77336 talk.politics.mideast talk.politics.guns:0.5615824944719384 talk.politics.mideast:0.3830707183232551 talk.politics.misc:0.05534678720480634 
../../20_newsgroups/talk.politics.mideast/77337 talk.politics.mideast talk.politics.mideast:0.9996044097841352 talk.politics.guns:2.985769526220479E-4 talk.politics.misc:9.70132632426177E-5 
../../20_newsgroups/talk.politics.mideast/77338 talk.politics.mideast talk.politics.mideast:0.9998876297814571 talk.politics.misc:1.0078617156024062E-4 talk.politics.guns:1.1584046982581314E-5 
../../20_newsgroups/talk.politics.mideast/77339 talk.politics.mideast talk.politics.mideast:0.9999928538951282 talk.politics.misc:7.135143821247865E-6 talk.politics.guns:1.0961050654530434E-8 
../../20_newsgroups/talk.politics.mideast/77340 talk.politics.mideast talk.politics.mideast:0.9421130231215642 talk.politics.misc:0.05007016308000294 talk.politics.guns:0.007816813798432918 
../../20_newsgroups/talk.politics.mideast/77341 talk.politics.mideast talk.politics.misc:0.3695447857716461 talk.politics.mideast:0.3274659197598738 talk.politics.guns:0.30298929446848005 
../../20_newsgroups/talk.politics.mideast/77342 talk.politics.mideast talk.politics.mideast:0.9999999999995524 talk.politics.misc:4.4775012401421296E-13 talk.politics.guns:1.3745705480896927E-19 
../../20_newsgroups/talk.politics.mideast/77343 talk.politics.mideast talk.politics.mideast:0.9999997901346426 talk.politics.misc:2.0767490233878292E-7 talk.politics.guns:2.190455053215541E-9 
../../20_newsgroups/talk.politics.mideast/77344 talk.politics.mideast talk.politics.mideast:0.9998257882509175 talk.politics.misc:1.7409370328221307E-4 talk.politics.guns:1.1804580034266858E-7 
../../20_newsgroups/talk.politics.mideast/77345 talk.politics.mideast talk.politics.mideast:0.35416599697943985 talk.politics.misc:0.3250812231761524 talk.politics.guns:0.32075277984440764 
../../20_newsgroups/talk.politics.mideast/77346 talk.politics.mideast talk.politics.mideast:0.994221492578752 talk.politics.misc:0.005029504362334639 talk.politics.guns:7.490030589133821E-4 
../../20_newsgroups/talk.politics.mideast/77347 talk.politics.mideast talk.politics.mideast:0.998699873455059 talk.politics.misc:0.0012838690919935508 talk.politics.guns:1.6257452947447324E-5 
../../20_newsgroups/talk.politics.mideast/77348 talk.politics.mideast talk.politics.mideast:1.0 talk.politics.misc:1.3779628545682858E-21 talk.politics.guns:2.224571506206401E-27 
../../20_newsgroups/talk.politics.mideast/77349 talk.politics.mideast talk.politics.mideast:0.9999999999660925 talk.politics.misc:3.2258617547301005E-11 talk.politics.guns:1.6489295961993156E-12 
../../20_newsgroups/talk.politics.mideast/77350 talk.politics.mideast talk.politics.mideast:0.99999985637789 talk.politics.misc:1.4346564194724697E-7 talk.politics.guns:1.5646817587300775E-10 
../../20_newsgroups/talk.politics.mideast/77351 talk.politics.mideast talk.politics.mideast:0.9999974316499612 talk.politics.misc:2.5683497729913413E-6 talk.politics.guns:2.657491915665764E-13 
../../20_newsgroups/talk.politics.mideast/77352 talk.politics.mideast talk.politics.mideast:1.0 talk.politics.misc:3.2846264633616906E-17 talk.politics.guns:2.8436066754551475E-19 
../../20_newsgroups/talk.politics.mideast/77353 talk.politics.mideast talk.politics.mideast:0.9960783951339403 talk.politics.misc:0.0033973167439817773 talk.politics.guns:5.242881220779334E-4 
../../20_newsgroups/talk.politics.mideast/77354 talk.politics.mideast talk.politics.mideast:0.6577118209248977 talk.politics.guns:0.23185741370264903 talk.politics.misc:0.11043076537245324 
../../20_newsgroups/talk.politics.mideast/77355 talk.politics.mideast talk.politics.mideast:0.9376411733529081 talk.politics.misc:0.06235591658036535 talk.politics.guns:2.910066726474532E-6 
../../20_newsgroups/talk.politics.mideast/77356 talk.politics.mideast talk.politics.misc:0.5444385277087146 talk.politics.mideast:0.42248478482309415 talk.politics.guns:0.03307668746819131 
../../20_newsgroups/talk.politics.mideast/77357 talk.politics.mideast talk.politics.mideast:0.4846321792719927 talk.politics.misc:0.3800245289541367 talk.politics.guns:0.1353432917738706 
../../20_newsgroups/talk.politics.mideast/77358 talk.politics.mideast talk.politics.mideast:0.9999935283594173 talk.politics.misc:5.9730685214395534E-6 talk.politics.guns:4.985720611305845E-7 
../../20_newsgroups/talk.politics.mideast/77359 talk.politics.mideast talk.politics.misc:0.7771219307994682 talk.politics.mideast:0.22287806112756273 talk.politics.guns:8.072968917236942E-9 
../../20_newsgroups/talk.politics.mideast/77360 talk.politics.mideast talk.politics.mideast:0.9999192013608498 talk.politics.misc:8.079863914977955E-5 talk.politics.guns:4.471474506686715E-16 
../../20_newsgroups/talk.politics.mideast/77361 talk.politics.mideast talk.politics.mideast:0.9851122090727384 talk.politics.misc:0.013250207912858138 talk.politics.guns:0.0016375830144033645 
../../20_newsgroups/talk.politics.mideast/77362 talk.politics.mideast talk.politics.mideast:0.9999999900551061 talk.politics.misc:9.943274504573333E-9 talk.politics.guns:1.619279972955887E-12 
../../20_newsgroups/talk.politics.mideast/77363 talk.politics.mideast talk.politics.mideast:0.9999999999440667 talk.politics.misc:5.593239866274177E-11 talk.politics.guns:8.743152313181299E-16 
../../20_newsgroups/talk.politics.mideast/77364 talk.politics.mideast talk.politics.mideast:0.9999999999999356 talk.politics.misc:6.376546236164552E-14 talk.politics.guns:7.444424273091955E-16 
../../20_newsgroups/talk.politics.mideast/77365 talk.politics.mideast talk.politics.mideast:0.999999999766761 talk.politics.misc:2.1606720676953493E-10 talk.politics.guns:1.7171840583292654E-11 
../../20_newsgroups/talk.politics.mideast/77366 talk.politics.mideast talk.politics.mideast:0.9999999860600237 talk.politics.guns:1.3939973948708091E-8 talk.politics.misc:2.4852873740223965E-15 
../../20_newsgroups/talk.politics.mideast/77367 talk.politics.mideast talk.politics.mideast:1.0 talk.politics.misc:5.230114632569393E-21 talk.politics.guns:6.745466989139888E-25 
../../20_newsgroups/talk.politics.mideast/77368 talk.politics.mideast talk.politics.misc:0.9999987588692963 talk.politics.guns:1.2366327778143093E-6 talk.politics.mideast:4.497925966727063E-9 
../../20_newsgroups/talk.politics.mideast/77369 talk.politics.mideast talk.politics.mideast:0.9999999999955447 talk.politics.misc:4.4538315688870625E-12 talk.politics.guns:1.6238055633044727E-15 
../../20_newsgroups/talk.politics.mideast/77370 talk.politics.mideast talk.politics.mideast:0.9999999999993263 talk.politics.misc:6.736288437688904E-13 talk.politics.guns:5.802183836993434E-18 
../../20_newsgroups/talk.politics.mideast/77371 talk.politics.mideast talk.politics.mideast:0.9983696981878496 talk.politics.guns:0.0015676982331224976 talk.politics.misc:6.260357902790425E-5 
../../20_newsgroups/talk.politics.mideast/77372 talk.politics.mideast talk.politics.mideast:0.9990718270679608 talk.politics.misc:9.264459303438391E-4 talk.politics.guns:1.7270016952499082E-6 
../../20_newsgroups/talk.politics.mideast/77373 talk.politics.mideast talk.politics.misc:0.5013954222973405 talk.politics.mideast:0.3992629460824494 talk.politics.guns:0.09934163162021006 
../../20_newsgroups/talk.politics.mideast/77374 talk.politics.mideast talk.politics.mideast:0.9999998655449779 talk.politics.misc:1.3445422198507478E-7 talk.politics.guns:8.002538024816421E-13 
../../20_newsgroups/talk.politics.mideast/77375 talk.politics.mideast talk.politics.mideast:0.9366807397180832 talk.politics.misc:0.06181686236173331 talk.politics.guns:0.001502397920183403 
../../20_newsgroups/talk.politics.mideast/77376 talk.politics.mideast talk.politics.mideast:0.8279835797432884 talk.politics.misc:0.14211858346872713 talk.politics.guns:0.029897836787984616 
../../20_newsgroups/talk.politics.mideast/77377 talk.politics.mideast talk.politics.mideast:0.9998151600620219 talk.politics.misc:1.8482586593674425E-4 talk.politics.guns:1.4072041372150819E-8 
../../20_newsgroups/talk.politics.mideast/77378 talk.politics.mideast talk.politics.mideast:0.9998821703952434 talk.politics.misc:1.1487780782212151E-4 talk.politics.guns:2.9517969344734003E-6 
../../20_newsgroups/talk.politics.mideast/77379 talk.politics.mideast talk.politics.mideast:0.9999999851805408 talk.politics.misc:1.4819062188510792E-8 talk.politics.guns:3.969538665572538E-13 
../../20_newsgroups/talk.politics.mideast/77380 talk.politics.mideast talk.politics.mideast:0.9998360744796944 talk.politics.misc:1.1725357205033212E-4 talk.politics.guns:4.6671948255492704E-5 
../../20_newsgroups/talk.politics.mideast/77381 talk.politics.mideast talk.politics.mideast:0.9999999991445754 talk.politics.misc:7.033348442663648E-10 talk.politics.guns:1.5208965706345064E-10 
../../20_newsgroups/talk.politics.mideast/77382 talk.politics.mideast talk.politics.mideast:0.9999999999999782 talk.politics.misc:2.1686370530374285E-14 talk.politics.guns:2.296995919596802E-22 
../../20_newsgroups/talk.politics.mideast/77383 talk.politics.mideast talk.politics.mideast:0.9999997021436192 talk.politics.misc:2.059541001136189E-7 talk.politics.guns:9.190228053575678E-8 
../../20_newsgroups/talk.politics.mideast/77384 talk.politics.mideast talk.politics.mideast:0.9999999999999947 talk.politics.misc:5.269000561349262E-15 talk.politics.guns:1.9019643325859128E-21 
../../20_newsgroups/talk.politics.mideast/77385 talk.politics.mideast talk.politics.misc:0.4755636165920747 talk.politics.mideast:0.3248343357263649 talk.politics.guns:0.19960204768156045 
../../20_newsgroups/talk.politics.mideast/77386 talk.politics.mideast talk.politics.mideast:0.999999842434034 talk.politics.misc:1.3297003297300352E-7 talk.politics.guns:2.4595933082806843E-8 
../../20_newsgroups/talk.politics.mideast/77387 talk.politics.mideast talk.politics.mideast:0.9999999999700082 talk.politics.misc:2.770281497369704E-11 talk.politics.guns:2.289099834839748E-12 
../../20_newsgroups/talk.politics.mideast/77388 talk.politics.mideast talk.politics.mideast:0.9999999999999953 talk.politics.misc:4.407462463141592E-15 talk.politics.guns:1.7132728736563121E-16 
../../20_newsgroups/talk.politics.mideast/77389 talk.politics.mideast talk.politics.mideast:0.9999978317241628 talk.politics.misc:2.0294839881646807E-6 talk.politics.guns:1.3879184907048929E-7 
../../20_newsgroups/talk.politics.mideast/77390 talk.politics.mideast talk.politics.mideast:0.9999999877182423 talk.politics.misc:1.0726248916755155E-8 talk.politics.guns:1.5555089245122242E-9 
../../20_newsgroups/talk.politics.mideast/77391 talk.politics.mideast talk.politics.mideast:0.9999765802689028 talk.politics.misc:2.3362122320644767E-5 talk.politics.guns:5.7608776534865285E-8 
../../20_newsgroups/talk.politics.mideast/77392 talk.politics.mideast talk.politics.mideast:0.97822623738842 talk.politics.misc:0.010938175372997334 talk.politics.guns:0.01083558723858261 
../../20_newsgroups/talk.politics.mideast/77393 talk.politics.mideast talk.politics.mideast:0.9937172613923514 talk.politics.misc:0.006251034298242473 talk.politics.guns:3.1704309406282245E-5 
../../20_newsgroups/talk.politics.mideast/77394 talk.politics.mideast talk.politics.mideast:0.9999988909881155 talk.politics.misc:1.1086600120080905E-6 talk.politics.guns:3.5187256504940057E-10 
../../20_newsgroups/talk.politics.mideast/77395 talk.politics.mideast talk.politics.mideast:0.9981339632339575 talk.politics.guns:0.00127254224941985 talk.politics.misc:5.934945166225577E-4 
../../20_newsgroups/talk.politics.mideast/77396 talk.politics.mideast talk.politics.mideast:0.98751578668754 talk.politics.misc:0.009195016981987726 talk.politics.guns:0.0032891963304722805 
../../20_newsgroups/talk.politics.mideast/77397 talk.politics.mideast talk.politics.mideast:0.9999999999999991 talk.politics.misc:8.032021487110702E-16 talk.politics.guns:8.142671779327E-26 
../../20_newsgroups/talk.politics.mideast/77398 talk.politics.mideast talk.politics.mideast:0.9931173884177422 talk.politics.misc:0.006745238289173537 talk.politics.guns:1.373732930842879E-4 
../../20_newsgroups/talk.politics.mideast/77399 talk.politics.mideast talk.politics.mideast:0.9980463035041688 talk.politics.guns:0.0010089071444077933 talk.politics.misc:9.447893514233852E-4 
../../20_newsgroups/talk.politics.mideast/77400 talk.politics.mideast talk.politics.guns:0.9989288870325903 talk.politics.mideast:0.0010707592683354607 talk.politics.misc:3.536990743243588E-7 
../../20_newsgroups/talk.politics.mideast/77401 talk.politics.mideast talk.politics.misc:0.9999130442717165 talk.politics.mideast:8.695572352373265E-5 talk.politics.guns:4.75977510727124E-12 
../../20_newsgroups/talk.politics.mideast/77803 talk.politics.mideast talk.politics.mideast:0.9995341726136984 talk.politics.misc:4.654830330823278E-4 talk.politics.guns:3.443532191924482E-7 
../../20_newsgroups/talk.politics.mideast/77804 talk.politics.mideast talk.politics.mideast:0.9980510414929663 talk.politics.misc:0.0019353824568156144 talk.politics.guns:1.3576050218013052E-5 
../../20_newsgroups/talk.politics.mideast/77805 talk.politics.mideast talk.politics.mideast:0.9986181881806434 talk.politics.misc:0.0013779273918855853 talk.politics.guns:3.884427471017476E-6 
../../20_newsgroups/talk.politics.mideast/77806 talk.politics.mideast talk.politics.guns:0.8138636517869197 talk.politics.mideast:0.18357182585761989 talk.politics.misc:0.002564522355460437 
../../20_newsgroups/talk.politics.mideast/77807 talk.politics.mideast talk.politics.mideast:0.9999999118803922 talk.politics.misc:8.762130123036286E-8 talk.politics.guns:4.983065813671577E-10 
../../20_newsgroups/talk.politics.mideast/77808 talk.politics.mideast talk.politics.mideast:0.999931520820534 talk.politics.misc:6.834501372068602E-5 talk.politics.guns:1.3416574513513443E-7 
../../20_newsgroups/talk.politics.mideast/77809 talk.politics.mideast talk.politics.mideast:0.9999999999989546 talk.politics.misc:1.0454608805228133E-12 talk.politics.guns:1.2418976609271338E-17 
../../20_newsgroups/talk.politics.mideast/77810 talk.politics.mideast talk.politics.mideast:0.9999993727371932 talk.politics.misc:6.262750775247815E-7 talk.politics.guns:9.87729298249226E-10 
../../20_newsgroups/talk.politics.mideast/77811 talk.politics.mideast talk.politics.mideast:0.9999999865440072 talk.politics.misc:1.3455992840656302E-8 talk.politics.guns:1.8207178420954455E-18 
../../20_newsgroups/talk.politics.mideast/77812 talk.politics.mideast talk.politics.mideast:0.9998283859161331 talk.politics.misc:1.7161129563387435E-4 talk.politics.guns:2.788233230412835E-9 
../../20_newsgroups/talk.politics.mideast/77813 talk.politics.mideast talk.politics.mideast:0.9337556707669545 talk.politics.guns:0.05410454871384585 talk.politics.misc:0.01213978051919954 
../../20_newsgroups/talk.politics.mideast/77814 talk.politics.mideast talk.politics.guns:0.5949915962254188 talk.politics.mideast:0.28561647947656965 talk.politics.misc:0.11939192429801168 
../../20_newsgroups/talk.politics.mideast/77815 talk.politics.mideast talk.politics.mideast:0.610854431124113 talk.politics.misc:0.33845816285062236 talk.politics.guns:0.05068740602526466 
../../20_newsgroups/talk.politics.mideast/77816 talk.politics.mideast talk.politics.mideast:0.7430260658734653 talk.politics.guns:0.22737154858733685 talk.politics.misc:0.029602385539197806 
../../20_newsgroups/talk.politics.mideast/77817 talk.politics.mideast talk.politics.mideast:0.9999999999920937 talk.politics.misc:7.906284517493253E-12 talk.politics.guns:2.6137008267315826E-17 
../../20_newsgroups/talk.politics.mideast/77818 talk.politics.mideast talk.politics.mideast:0.9999073470561043 talk.politics.guns:8.217592963077742E-5 talk.politics.misc:1.0477014264861991E-5 
../../20_newsgroups/talk.politics.mideast/77819 talk.politics.mideast talk.politics.mideast:0.9444043251584432 talk.politics.guns:0.0480679938435701 talk.politics.misc:0.007527680997986694 
../../20_newsgroups/talk.politics.mideast/77820 talk.politics.mideast talk.politics.mideast:0.8264954757609431 talk.politics.misc:0.1330154677694081 talk.politics.guns:0.04048905646964879 
../../20_newsgroups/talk.politics.mideast/77821 talk.politics.mideast talk.politics.guns:0.4960900709494319 talk.politics.mideast:0.3726902337182229 talk.politics.misc:0.13121969533234518 
../../20_newsgroups/talk.politics.mideast/77822 talk.politics.mideast talk.politics.mideast:0.6632324701544355 talk.politics.misc:0.3367062551162335 talk.politics.guns:6.127472933111126E-5 
../../20_newsgroups/talk.politics.mideast/77823 talk.politics.mideast talk.politics.mideast:0.8270676781203703 talk.politics.misc:0.09767234753794955 talk.politics.guns:0.07525997434168011 
../../20_newsgroups/talk.politics.mideast/77850 talk.politics.mideast talk.politics.mideast:0.9961451231257236 talk.politics.misc:0.003854387986735557 talk.politics.guns:4.88887540894656E-7 
../../20_newsgroups/talk.politics.misc/179017 talk.politics.misc talk.politics.guns:0.999571650491316 talk.politics.mideast:3.8262969351141436E-4 talk.politics.misc:4.571981517242679E-5 
../../20_newsgroups/talk.politics.misc/179018 talk.politics.misc talk.politics.misc:0.9999998409929085 talk.politics.mideast:1.3415214477113802E-7 talk.politics.guns:2.4854946720509905E-8 
../../20_newsgroups/talk.politics.misc/179019 talk.politics.misc talk.politics.misc:0.9999589363523749 talk.politics.mideast:4.073027213283696E-5 talk.politics.guns:3.333754923936452E-7 
../../20_newsgroups/talk.politics.misc/179020 talk.politics.misc talk.politics.misc:0.9840383671464157 talk.politics.mideast:0.014083579701929106 talk.politics.guns:0.0018780531516551752 
../../20_newsgroups/talk.politics.misc/179021 talk.politics.misc talk.politics.misc:0.9922815215856037 talk.politics.mideast:0.004817030271807374 talk.politics.guns:0.002901448142589023 
../../20_newsgroups/talk.politics.misc/179022 talk.politics.misc talk.politics.misc:0.9999380711558942 talk.politics.mideast:5.527701863337275E-5 talk.politics.guns:6.65182547244885E-6 
../../20_newsgroups/talk.politics.misc/179023 talk.politics.misc talk.politics.misc:0.9016348455303423 talk.politics.guns:0.0909488720743944 talk.politics.mideast:0.007416282395263298 
../../20_newsgroups/talk.politics.misc/179024 talk.politics.misc talk.politics.misc:0.9960268812968927 talk.politics.guns:0.002159650098879324 talk.politics.mideast:0.0018134686042280668 
../../20_newsgroups/talk.politics.misc/179025 talk.politics.misc talk.politics.guns:0.5864472191182075 talk.politics.misc:0.38945470436193047 talk.politics.mideast:0.024098076519862104 
../../20_newsgroups/talk.politics.misc/179026 talk.politics.misc talk.politics.misc:0.9886851923806703 talk.politics.mideast:0.011256086722774809 talk.politics.guns:5.872089655490505E-5 
../../20_newsgroups/talk.politics.misc/179027 talk.politics.misc talk.politics.misc:0.9999999935565398 talk.politics.guns:5.4959254258037266E-9 talk.politics.mideast:9.47534709943932E-10 
../../20_newsgroups/talk.politics.misc/179028 talk.politics.misc talk.politics.misc:0.999639042880192 talk.politics.guns:2.9696183006515457E-4 talk.politics.mideast:6.399528974283766E-5 
