 Raw Testing Data
55093 talk.politics.guns talk.politics.guns:0.9869188101778482 talk.politics.misc:0.009228273681607906 talk.politics.mideast:0.003852916140543982 
55094 talk.politics.guns talk.politics.guns:0.9887965068294141 talk.politics.mideast:0.0069905968842437875 talk.politics.misc:0.004212896286342074 
55095 talk.politics.guns talk.politics.guns:0.7195323766578963 talk.politics.misc:0.2551833722170612 talk.politics.mideast:0.025284251125042432 
55096 talk.politics.guns talk.politics.guns:1.0 talk.politics.misc:1.6903948564839827E-18 talk.politics.mideast:4.317988909394617E-25 
55097 talk.politics.guns talk.politics.guns:0.9999992768582284 talk.politics.misc:7.211888659108911E-7 talk.politics.mideast:1.95290545847139E-9 
55098 talk.politics.guns talk.politics.guns:0.7778346770869192 talk.politics.misc:0.22187835093033878 talk.politics.mideast:2.8697198274186956E-4 
55099 talk.politics.guns talk.politics.guns:0.44456167267983 talk.politics.misc:0.4102006213646008 talk.politics.mideast:0.14523770595556923 
55100 talk.politics.guns talk.politics.guns:0.7515334209090037 talk.politics.misc:0.15696887781857502 talk.politics.mideast:0.09149770127242142 
55101 talk.politics.guns talk.politics.guns:0.9864147622007007 talk.politics.misc:0.013572061624440832 talk.politics.mideast:1.3176174858436953E-5 
55102 talk.politics.guns talk.politics.guns:0.9534963249589741 talk.politics.misc:0.04650367472814342 talk.politics.mideast:3.128826767311067E-10 
55103 talk.politics.guns talk.politics.guns:0.9888016521937096 talk.politics.misc:0.011175205331576156 talk.politics.mideast:2.3142474714420544E-5 
55104 talk.politics.guns talk.politics.guns:0.9955942356662737 talk.politics.misc:0.004403094663296258 talk.politics.mideast:2.669670430012946E-6 
55105 talk.politics.guns talk.politics.guns:0.999999912163477 talk.politics.misc:8.783651672003981E-8 talk.politics.mideast:6.111476274197947E-15 
55106 talk.politics.guns talk.politics.guns:0.9999860432349805 talk.politics.mideast:8.181552080787096E-6 talk.politics.misc:5.775212938545441E-6 
55107 talk.politics.guns talk.politics.guns:0.8154349511732023 talk.politics.mideast:0.14345224605980467 talk.politics.misc:0.04111280276699291 
55108 talk.politics.guns talk.politics.guns:0.999700677553529 talk.politics.misc:1.7568094435796146E-4 talk.politics.mideast:1.2364150211293526E-4 
55109 talk.politics.guns talk.politics.guns:0.8891017731087586 talk.politics.misc:0.11068042933485764 talk.politics.mideast:2.1779755638378577E-4 
55110 talk.politics.guns talk.politics.guns:0.9999999941933129 talk.politics.misc:5.806687158985092E-9 talk.politics.mideast:5.891002857882405E-18 
55111 talk.politics.guns talk.politics.guns:0.8792216323084984 talk.politics.misc:0.062145590473908725 talk.politics.mideast:0.05863277721759297 
55112 talk.politics.guns talk.politics.guns:0.9929456530862257 talk.politics.misc:0.007047447899988894 talk.politics.mideast:6.899013785537484E-6 
55113 talk.politics.guns talk.politics.guns:0.6280239178212065 talk.politics.misc:0.33680197692820335 talk.politics.mideast:0.03517410525059017 
55114 talk.politics.guns talk.politics.guns:0.728210355684895 talk.politics.misc:0.2590912993528039 talk.politics.mideast:0.012698344962301109 
55115 talk.politics.guns talk.politics.guns:0.6895956785798417 talk.politics.misc:0.31036933021378105 talk.politics.mideast:3.499120637729639E-5 
55116 talk.politics.guns talk.politics.guns:0.9944867684642112 talk.politics.mideast:0.005251179059241481 talk.politics.misc:2.6205247654732214E-4 
55117 talk.politics.guns talk.politics.guns:0.7393060991443972 talk.politics.mideast:0.13038390647483938 talk.politics.misc:0.1303099943807634 
55118 talk.politics.guns talk.politics.guns:0.6540465221722795 talk.politics.misc:0.34587416914107877 talk.politics.mideast:7.930868664167251E-5 
55119 talk.politics.guns talk.politics.guns:0.9870726070731518 talk.politics.misc:0.012900007913170839 talk.politics.mideast:2.738501367730479E-5 
55120 talk.politics.guns talk.politics.guns:0.9490772479402538 talk.politics.misc:0.0500841701962406 talk.politics.mideast:8.385818635055723E-4 
55121 talk.politics.guns talk.politics.guns:0.9999905821852352 talk.politics.misc:9.417670976760193E-6 talk.politics.mideast:1.4378800902340692E-10 
55122 talk.politics.guns talk.politics.guns:0.9999967482628128 talk.politics.misc:3.2517371518518614E-6 talk.politics.mideast:3.529184903708988E-14 
55123 talk.politics.guns talk.politics.guns:0.9959610188013003 talk.politics.misc:0.002825625651685308 talk.politics.mideast:0.0012133555470145003 
55124 talk.politics.guns talk.politics.guns:0.9853979443316063 talk.politics.misc:0.01405441705086498 talk.politics.mideast:5.476386175287158E-4 
55125 talk.politics.guns talk.politics.guns:0.5222943862194487 talk.politics.misc:0.41181062159475984 talk.politics.mideast:0.06589499218579141 
55126 talk.politics.guns talk.politics.guns:0.9993041102860643 talk.politics.misc:6.958882149680895E-4 talk.politics.mideast:1.498967699160231E-9 
55231 talk.politics.guns talk.politics.guns:0.8457541156465764 talk.politics.misc:0.10643418935748993 talk.politics.mideast:0.04781169499593363 
55232 talk.politics.guns talk.politics.guns:0.9921234451188636 talk.politics.misc:0.007872373065637164 talk.politics.mideast:4.181815499152155E-6 
55233 talk.politics.guns talk.politics.guns:0.9999939911794212 talk.politics.misc:6.005378333682529E-6 talk.politics.mideast:3.442245047810172E-9 
55234 talk.politics.guns talk.politics.guns:0.9992123493621176 talk.politics.mideast:5.51482061644508E-4 talk.politics.misc:2.3616857623778522E-4 
55235 talk.politics.guns talk.politics.mideast:0.4757012654488846 talk.politics.misc:0.3684379739115619 talk.politics.guns:0.15586076063955345 
55236 talk.politics.guns talk.politics.guns:0.9905812655750653 talk.politics.misc:0.008943851793043694 talk.politics.mideast:4.748826318909793E-4 
55238 talk.politics.guns talk.politics.guns:0.9972906786317257 talk.politics.misc:0.0026881868404240086 talk.politics.mideast:2.1134527850370023E-5 
55239 talk.politics.guns talk.politics.misc:0.5693700520715058 talk.politics.guns:0.41644564734867173 talk.politics.mideast:0.014184300579822477 
55240 talk.politics.guns talk.politics.guns:0.9999995248258193 talk.politics.misc:4.7516105955387363E-7 talk.politics.mideast:1.3121069561391557E-11 
55241 talk.politics.guns talk.politics.guns:0.9999853298870842 talk.politics.misc:1.4670079876103761E-5 talk.politics.mideast:3.303967614833899E-11 
55246 talk.politics.guns talk.politics.misc:0.5877211551373378 talk.politics.guns:0.25414018400266986 talk.politics.mideast:0.15813866085999234 
55247 talk.politics.guns talk.politics.guns:0.6298635694479328 talk.politics.misc:0.2969585542457859 talk.politics.mideast:0.07317787630628132 
55248 talk.politics.guns talk.politics.guns:0.6535224791412826 talk.politics.misc:0.3414169016630087 talk.politics.mideast:0.005060619195708864 
55249 talk.politics.guns talk.politics.guns:0.9999999999975582 talk.politics.misc:2.4418632296720333E-12 talk.politics.mideast:1.957185168076055E-18 
55250 talk.politics.guns talk.politics.mideast:0.6082370801457625 talk.politics.guns:0.20549416839341816 talk.politics.misc:0.18626875146081937 
55251 talk.politics.guns talk.politics.guns:0.9999968857661241 talk.politics.misc:3.1142333702010796E-6 talk.politics.mideast:5.055336959397487E-13 
55252 talk.politics.guns talk.politics.misc:0.8548614434623357 talk.politics.guns:0.11222712765787624 talk.politics.mideast:0.032911428879788124 
55253 talk.politics.guns talk.politics.misc:0.8548614434623357 talk.politics.guns:0.11222712765787624 talk.politics.mideast:0.032911428879788124 
55254 talk.politics.guns talk.politics.misc:0.8548614434623357 talk.politics.guns:0.11222712765787624 talk.politics.mideast:0.032911428879788124 
55255 talk.politics.guns talk.politics.misc:0.8548614434623357 talk.politics.guns:0.11222712765787624 talk.politics.mideast:0.032911428879788124 
55256 talk.politics.guns talk.politics.guns:0.7064414511055577 talk.politics.mideast:0.25098482216269097 talk.politics.misc:0.042573726731751374 
55257 talk.politics.guns talk.politics.misc:0.8548614434623357 talk.politics.guns:0.11222712765787624 talk.politics.mideast:0.032911428879788124 
55258 talk.politics.guns talk.politics.guns:0.9999889977599238 talk.politics.misc:1.0850286407467317E-5 talk.politics.mideast:1.5195366874743497E-7 
55259 talk.politics.guns talk.politics.guns:0.9999945122772016 talk.politics.misc:5.477734485509056E-6 talk.politics.mideast:9.988312825057073E-9 
55260 talk.politics.guns talk.politics.guns:0.7859842537908053 talk.politics.misc:0.21162613087473206 talk.politics.mideast:0.00238961533446278 
55261 talk.politics.guns talk.politics.guns:0.6735349313946865 talk.politics.misc:0.23412771090174975 talk.politics.mideast:0.09233735770356363 
55262 talk.politics.guns talk.politics.guns:0.9544025551547392 talk.politics.misc:0.045287749733465166 talk.politics.mideast:3.0969511179574266E-4 
55263 talk.politics.guns talk.politics.guns:0.9971714806939028 talk.politics.misc:0.0023822079117852084 talk.politics.mideast:4.4631139431197366E-4 
55264 talk.politics.guns talk.politics.guns:0.8388421818210143 talk.politics.misc:0.09855724323423883 talk.politics.mideast:0.06260057494474684 
55265 talk.politics.guns talk.politics.guns:0.9999825227115775 talk.politics.misc:1.6898114041116306E-5 talk.politics.mideast:5.791743812801621E-7 
55266 talk.politics.guns talk.politics.misc:0.9996867070948096 talk.politics.guns:3.1328500944594084E-4 talk.politics.mideast:7.89574461279434E-9 
55267 talk.politics.guns talk.politics.guns:0.6692567972176375 talk.politics.mideast:0.23853676139408664 talk.politics.misc:0.09220644138827566 
55268 talk.politics.guns talk.politics.guns:0.9998486570933945 talk.politics.misc:1.5123222522018411E-4 talk.politics.mideast:1.1068138522534936E-7 
55269 talk.politics.guns talk.politics.guns:0.559562980285174 talk.politics.misc:0.43160273380145575 talk.politics.mideast:0.008834285913370191 
55270 talk.politics.guns talk.politics.guns:0.6334935298875558 talk.politics.misc:0.3534765715211485 talk.politics.mideast:0.01302989859129574 
55271 talk.politics.guns talk.politics.guns:0.9855581570276668 talk.politics.misc:0.012247173876162637 talk.politics.mideast:0.0021946690961705496 
55272 talk.politics.guns talk.politics.guns:0.9603808322373008 talk.politics.misc:0.039613758868371006 talk.politics.mideast:5.40889432812845E-6 
55273 talk.politics.guns talk.politics.guns:0.9938532442366816 talk.politics.misc:0.0060499219104088245 talk.politics.mideast:9.683385290948163E-5 
55274 talk.politics.guns talk.politics.misc:0.897524980286875 talk.politics.mideast:0.09738441508089364 talk.politics.guns:0.005090604632231312 
55275 talk.politics.guns talk.politics.guns:0.9993304934017073 talk.politics.mideast:6.445718494029239E-4 talk.politics.misc:2.4934748889748353E-5 
55276 talk.politics.guns talk.politics.guns:0.8906794024307033 talk.politics.mideast:0.09034469280669351 talk.politics.misc:0.018975904762603153 
55277 talk.politics.guns talk.politics.misc:0.735106471352922 talk.politics.guns:0.26369217191824024 talk.politics.mideast:0.0012013567288378408 
55278 talk.politics.guns talk.politics.misc:0.8461179595162615 talk.politics.mideast:0.13189175583180768 talk.politics.guns:0.021990284651930946 
55279 talk.politics.guns talk.politics.guns:0.9999954310530711 talk.politics.mideast:3.6548950501692473E-6 talk.politics.misc:9.140518787776715E-7 
55280 talk.politics.guns talk.politics.guns:0.9995201841268394 talk.politics.misc:4.793653395174262E-4 talk.politics.mideast:4.505336430228605E-7 
55425 talk.politics.guns talk.politics.guns:0.9996545693016565 talk.politics.misc:3.437854585692661E-4 talk.politics.mideast:1.6452397743712952E-6 
55426 talk.politics.guns talk.politics.guns:0.9981937885810034 talk.politics.misc:0.0016060950499069493 talk.politics.mideast:2.0011636908956796E-4 
55467 talk.politics.guns talk.politics.guns:0.9906039773317453 talk.politics.misc:0.009387914803788887 talk.politics.mideast:8.107864465825802E-6 
55468 talk.politics.guns talk.politics.guns:0.9857338250197801 talk.politics.misc:0.013630911642366343 talk.politics.mideast:6.352633378536101E-4 
55469 talk.politics.guns talk.politics.guns:0.7619747949203411 talk.politics.misc:0.23771342825026998 talk.politics.mideast:3.117768293888178E-4 
55470 talk.politics.guns talk.politics.guns:0.9931606133305215 talk.politics.misc:0.006799505723971996 talk.politics.mideast:3.988094550645167E-5 
55471 talk.politics.guns talk.politics.guns:0.9829197624596842 talk.politics.misc:0.01695160831687399 talk.politics.mideast:1.2862922344177667E-4 
55472 talk.politics.guns talk.politics.misc:0.9419743983433179 talk.politics.guns:0.050051481084020605 talk.politics.mideast:0.007974120572661557 
55473 talk.politics.guns talk.politics.guns:0.9999998428885564 talk.politics.misc:1.4504332804661176E-7 talk.politics.mideast:1.2068115531168514E-8 
55474 talk.politics.guns talk.politics.guns:0.9747859117353593 talk.politics.misc:0.01646944240072523 talk.politics.mideast:0.008744645863915598 
55475 talk.politics.guns talk.politics.guns:0.9924342432376436 talk.politics.misc:0.0074024611899732445 talk.politics.mideast:1.632955723831381E-4 
55476 talk.politics.guns talk.politics.misc:0.7402712666260641 talk.politics.mideast:0.2484975782600977 talk.politics.guns:0.011231155113838076 
55482 talk.politics.guns talk.politics.guns:0.6591495903081999 talk.politics.misc:0.3144809907650252 talk.politics.mideast:0.026369418926774878 
55483 talk.politics.guns talk.politics.misc:0.5722828218299164 talk.politics.guns:0.39038769457307837 talk.politics.mideast:0.03732948359700523 
55484 talk.politics.guns talk.politics.guns:0.9999999999991178 talk.politics.misc:8.821231515033366E-13 talk.politics.mideast:2.4277782729057283E-19 
55485 talk.politics.guns talk.politics.guns:0.8541220982043554 talk.politics.misc:0.14581449017565573 talk.politics.mideast:6.341161998874575E-5 
55486 talk.politics.guns talk.politics.guns:0.984149515784802 talk.politics.misc:0.012218242282158247 talk.politics.mideast:0.0036322419330398095 
55487 talk.politics.guns talk.politics.guns:0.834661684429452 talk.politics.misc:0.1545037400636052 talk.politics.mideast:0.010834575506942888 
55488 talk.politics.guns talk.politics.guns:0.7861849790858325 talk.politics.misc:0.20396379820931657 talk.politics.mideast:0.00985122270485105 
55489 talk.politics.guns talk.politics.guns:0.9982685807168445 talk.politics.mideast:9.524898500019419E-4 talk.politics.misc:7.789294331534939E-4 
55490 talk.politics.guns talk.politics.guns:0.871510003377005 talk.politics.misc:0.12308609277704197 talk.politics.mideast:0.005403903845953024 
77324 talk.politics.mideast talk.politics.mideast:0.40207297147880694 talk.politics.guns:0.3317748877605807 talk.politics.misc:0.2661521407606123 
77325 talk.politics.mideast talk.politics.mideast:0.9167674846689231 talk.politics.misc:0.08066107506916836 talk.politics.guns:0.0025714402619084567 
77326 talk.politics.mideast talk.politics.mideast:0.9999994362299774 talk.politics.misc:5.465356503971098E-7 talk.politics.guns:1.7234372225302674E-8 
77327 talk.politics.mideast talk.politics.mideast:0.9999999996428235 talk.politics.misc:3.571678478477461E-10 talk.politics.guns:8.690349336650877E-15 
77328 talk.politics.mideast talk.politics.mideast:0.9999559279880658 talk.politics.guns:2.9251680813057678E-5 talk.politics.misc:1.4820331121123383E-5 
77329 talk.politics.mideast talk.politics.misc:0.3687462463438626 talk.politics.guns:0.35462182502901585 talk.politics.mideast:0.27663192862712155 
77330 talk.politics.mideast talk.politics.mideast:0.9943503933026626 talk.politics.misc:0.005514209041022638 talk.politics.guns:1.353976563145478E-4 
77331 talk.politics.mideast talk.politics.mideast:0.999993092832585 talk.politics.misc:6.907166389106773E-6 talk.politics.guns:1.0257925660641238E-12 
77332 talk.politics.mideast talk.politics.mideast:0.9999773886623293 talk.politics.misc:2.1248729496049275E-5 talk.politics.guns:1.3626081744496446E-6 
77333 talk.politics.mideast talk.politics.mideast:0.9999990734013603 talk.politics.misc:9.263995907517741E-7 talk.politics.guns:1.9904871690763448E-10 
77334 talk.politics.mideast talk.politics.mideast:0.9999961554836905 talk.politics.misc:3.5800686883922383E-6 talk.politics.guns:2.644476212441594E-7 
77335 talk.politics.mideast talk.politics.mideast:0.9999745491264744 talk.politics.guns:2.158162671363611E-5 talk.politics.misc:3.869246811956998E-6 
77336 talk.politics.mideast talk.politics.guns:0.5646809882142426 talk.politics.mideast:0.3865326918216695 talk.politics.misc:0.04878631996408804 
77337 talk.politics.mideast talk.politics.mideast:0.9998419317361432 talk.politics.guns:1.2872239032037043E-4 talk.politics.misc:2.9345873536351805E-5 
77338 talk.politics.mideast talk.politics.mideast:0.9999764786060621 talk.politics.misc:2.1480652987143738E-5 talk.politics.guns:2.040740950789118E-6 
77339 talk.politics.mideast talk.politics.mideast:0.9999965940306794 talk.politics.misc:3.4018962132724288E-6 talk.politics.guns:4.073107211473252E-9 
77340 talk.politics.mideast talk.politics.mideast:0.9419455953936187 talk.politics.misc:0.05129872653325926 talk.politics.guns:0.00675567807312212 
77341 talk.politics.mideast talk.politics.misc:0.39024221707784174 talk.politics.mideast:0.32775436410560105 talk.politics.guns:0.28200341881655727 
77342 talk.politics.mideast talk.politics.mideast:0.9999999999999536 talk.politics.misc:4.635868330392484E-14 talk.politics.guns:7.637111259999859E-21 
77343 talk.politics.mideast talk.politics.mideast:0.9999999939216164 talk.politics.misc:6.03393018294334E-9 talk.politics.guns:4.445339137932774E-11 
77344 talk.politics.mideast talk.politics.mideast:0.9999112644622989 talk.politics.misc:8.869606841146549E-5 talk.politics.guns:3.946928976258101E-8 
77345 talk.politics.mideast talk.politics.misc:0.3570151655475371 talk.politics.guns:0.35329250715752153 talk.politics.mideast:0.2896923272949414 
77346 talk.politics.mideast talk.politics.mideast:0.9948878275915459 talk.politics.misc:0.0047416787231736824 talk.politics.guns:3.7049368528063915E-4 
77347 talk.politics.mideast talk.politics.mideast:0.9994502282851483 talk.politics.misc:5.43550533409893E-4 talk.politics.guns:6.221181441817053E-6 
77348 talk.politics.mideast talk.politics.mideast:1.0 talk.politics.misc:3.730931808389691E-25 talk.politics.guns:7.568904798383017E-32 
77349 talk.politics.mideast talk.politics.mideast:0.9999999999995688 talk.politics.misc:4.1540377920878693E-13 talk.politics.guns:1.570689047085743E-14 
77350 talk.politics.mideast talk.politics.mideast:0.9999999762170916 talk.politics.misc:2.3772138381599732E-8 talk.politics.guns:1.0770093766699096E-11 
77351 talk.politics.mideast talk.politics.mideast:0.9999999057196614 talk.politics.misc:9.42803310306389E-8 talk.politics.guns:7.487950397065352E-15 
77352 talk.politics.mideast talk.politics.mideast:1.0 talk.politics.misc:1.2602041895792894E-19 talk.politics.guns:1.527308433927916E-22 
77353 talk.politics.mideast talk.politics.mideast:0.9968887554325452 talk.politics.misc:0.002788906584678108 talk.politics.guns:3.223379827766426E-4 
77354 talk.politics.mideast talk.politics.mideast:0.6779978232465832 talk.politics.guns:0.2144164825018585 talk.politics.misc:0.10758569425155831 
77355 talk.politics.mideast talk.politics.mideast:0.9841073440797233 talk.politics.misc:0.015891302361696943 talk.politics.guns:1.3535585796626909E-6 
77356 talk.politics.mideast talk.politics.misc:0.5007352563802241 talk.politics.mideast:0.47254056633218494 talk.politics.guns:0.026724177287591053 
77357 talk.politics.mideast talk.politics.mideast:0.4990056885276941 talk.politics.misc:0.4020942204693351 talk.politics.guns:0.09890009100297081 
77358 talk.politics.mideast talk.politics.mideast:0.9999947066491691 talk.politics.misc:5.07751379904219E-6 talk.politics.guns:2.1583703182316322E-7 
77359 talk.politics.mideast talk.politics.misc:0.8342862407907762 talk.politics.mideast:0.16571375839402566 talk.politics.guns:8.15198284338209E-10 
77360 talk.politics.mideast talk.politics.mideast:0.9999995737354107 talk.politics.misc:4.2626458939660907E-7 talk.politics.guns:2.5457925039981652E-18 
77361 talk.politics.mideast talk.politics.mideast:0.9874410730618255 talk.politics.misc:0.01144222966583536 talk.politics.guns:0.0011166972723391211 
77362 talk.politics.mideast talk.politics.mideast:0.9999999999558093 talk.politics.misc:4.4188417433147294E-11 talk.politics.guns:2.240293049617847E-15 
77363 talk.politics.mideast talk.politics.mideast:0.9999999999983071 talk.politics.misc:1.6929668996847628E-12 talk.politics.guns:2.9229289616173866E-17 
77364 talk.politics.mideast talk.politics.mideast:0.9999999999999996 talk.politics.misc:4.511787581534599E-16 talk.politics.guns:3.01096584325567E-19 
77365 talk.politics.mideast talk.politics.mideast:0.9999999999914257 talk.politics.misc:7.211725668057977E-12 talk.politics.guns:1.3624533414780855E-12 
77366 talk.politics.mideast talk.politics.mideast:0.9999999999687026 talk.politics.guns:3.129740383979527E-11 talk.politics.misc:3.685575258921878E-18 
77367 talk.politics.mideast talk.politics.mideast:1.0 talk.politics.misc:2.735758561214303E-26 talk.politics.guns:3.658977995671482E-31 
77368 talk.politics.mideast talk.politics.misc:0.9999983442944931 talk.politics.guns:1.650853942030366E-6 talk.politics.mideast:4.851564955019648E-9 
77369 talk.politics.mideast talk.politics.mideast:0.9999999999999198 talk.politics.misc:8.019758543388172E-14 talk.politics.guns:8.552796889014231E-18 
77370 talk.politics.mideast talk.politics.mideast:0.9999999999999973 talk.politics.misc:2.7564156659521357E-15 talk.politics.guns:5.004343469863406E-21 
77371 talk.politics.mideast talk.politics.mideast:0.9958631237291612 talk.politics.guns:0.004040379364890166 talk.politics.misc:9.649690594871094E-5 
77372 talk.politics.mideast talk.politics.mideast:0.9999107169057397 talk.politics.misc:8.921520783254506E-5 talk.politics.guns:6.788642770462333E-8 
77373 talk.politics.mideast talk.politics.misc:0.4844221276725825 talk.politics.mideast:0.41006676743620296 talk.politics.guns:0.10551110489121449 
77374 talk.politics.mideast talk.politics.mideast:0.9999999822175137 talk.politics.misc:1.778242323956996E-8 talk.politics.guns:6.303578396995965E-14 
77375 talk.politics.mideast talk.politics.mideast:0.957433817356877 talk.politics.misc:0.04167127467801666 talk.politics.guns:8.949079651063271E-4 
77376 talk.politics.mideast talk.politics.mideast:0.8682961546885215 talk.politics.misc:0.10997581502746849 talk.politics.guns:0.021728030284010103 
77377 talk.politics.mideast talk.politics.mideast:0.999980285108292 talk.politics.misc:1.9708627060509306E-5 talk.politics.guns:6.264647700931958E-9 
77378 talk.politics.mideast talk.politics.mideast:0.9999438172646633 talk.politics.misc:5.529145879236803E-5 talk.politics.guns:8.912765444799252E-7 
77379 talk.politics.mideast talk.politics.mideast:0.9999999937266291 talk.politics.misc:6.2733349603769926E-9 talk.politics.guns:3.596164288438383E-14 
77380 talk.politics.mideast talk.politics.mideast:0.9999138881362755 talk.politics.misc:5.224688382844719E-5 talk.politics.guns:3.386497989613115E-5 
77381 talk.politics.mideast talk.politics.mideast:0.9999999999484885 talk.politics.misc:3.73686505081924E-11 talk.politics.guns:1.4142860212842379E-11 
77382 talk.politics.mideast talk.politics.mideast:0.9999999999999967 talk.politics.misc:3.317646496592128E-15 talk.politics.guns:7.016262277032935E-24 
77383 talk.politics.mideast talk.politics.mideast:0.9999999011178595 talk.politics.misc:7.349171720935471E-8 talk.politics.guns:2.5390423202656458E-8 
77384 talk.politics.mideast talk.politics.mideast:0.9999999999999998 talk.politics.misc:2.2404801855427634E-16 talk.politics.guns:2.667038152387771E-22 
77385 talk.politics.mideast talk.politics.misc:0.6687451643694914 talk.politics.mideast:0.24044711707641922 talk.politics.guns:0.0908077185540894 
77386 talk.politics.mideast talk.politics.mideast:0.999999918453282 talk.politics.misc:7.017068866522465E-8 talk.politics.guns:1.1376029447255273E-8 
77387 talk.politics.mideast talk.politics.mideast:0.9999999999993745 talk.politics.misc:5.15893248458703E-13 talk.politics.guns:1.0975946092346025E-13 
77388 talk.politics.mideast talk.politics.mideast:1.0 talk.politics.misc:1.68633621638925E-20 talk.politics.guns:3.7577697352992874E-22 
77389 talk.politics.mideast talk.politics.mideast:0.9999998142385139 talk.politics.misc:1.8221310923270294E-7 talk.politics.guns:3.54837695070029E-9 
77390 talk.politics.mideast talk.politics.mideast:0.9999999993479431 talk.politics.misc:6.20625448383255E-10 talk.politics.guns:3.143128867606209E-11 
77391 talk.politics.mideast talk.politics.mideast:0.9999912076982476 talk.politics.misc:8.782341571614641E-6 talk.politics.guns:9.960180861826883E-9 
77392 talk.politics.mideast talk.politics.mideast:0.9937390133690298 talk.politics.misc:0.004034201186572952 talk.politics.guns:0.0022267854443974652 
77393 talk.politics.mideast talk.politics.mideast:0.9984317786860623 talk.politics.misc:0.001564272944049748 talk.politics.guns:3.948369887959582E-6 
77394 talk.politics.mideast talk.politics.mideast:0.9999999431942562 talk.politics.misc:5.6786275013381004E-8 talk.politics.guns:1.9468715858134545E-11 
77395 talk.politics.mideast talk.politics.mideast:0.9991127838973797 talk.politics.guns:6.590631172745909E-4 talk.politics.misc:2.2815298534585105E-4 
77396 talk.politics.mideast talk.politics.mideast:0.994936517460256 talk.politics.misc:0.003606194154383742 talk.politics.guns:0.0014572883853601613 
77397 talk.politics.mideast talk.politics.mideast:1.0 talk.politics.misc:4.526437405261982E-17 talk.politics.guns:5.039100026469962E-27 
77398 talk.politics.mideast talk.politics.mideast:0.9946723218182771 talk.politics.misc:0.005253407054607393 talk.politics.guns:7.427112711545917E-5 
77399 talk.politics.mideast talk.politics.mideast:0.9985004717665371 talk.politics.misc:8.545422588185352E-4 talk.politics.guns:6.449859746444476E-4 
77400 talk.politics.mideast talk.politics.guns:0.9976427300636479 talk.politics.mideast:0.0023570277307873376 talk.politics.misc:2.4220556469639E-7 
77401 talk.politics.mideast talk.politics.mideast:0.6734558038082167 talk.politics.misc:0.3265441960720597 talk.politics.guns:1.1972348496771756E-10 
77803 talk.politics.mideast talk.politics.mideast:0.9996455805506574 talk.politics.misc:3.543131604982717E-4 talk.politics.guns:1.0628884428571534E-7 
77804 talk.politics.mideast talk.politics.mideast:0.9989449411934863 talk.politics.misc:0.0010502455841627707 talk.politics.guns:4.813222350980079E-6 
77805 talk.politics.mideast talk.politics.mideast:0.9989194665053899 talk.politics.misc:0.0010790004303935948 talk.politics.guns:1.5330642163522444E-6 
77806 talk.politics.mideast talk.politics.guns:0.8158008695872115 talk.politics.mideast:0.18252500777508768 talk.politics.misc:0.0016741226377008024 
77807 talk.politics.mideast talk.politics.mideast:0.999999962890719 talk.politics.misc:3.7039705694317395E-8 talk.politics.guns:6.957512218457438E-11 
77808 talk.politics.mideast talk.politics.mideast:0.9999819739844543 talk.politics.misc:1.8002081143857653E-5 talk.politics.guns:2.393440175334667E-8 
77809 talk.politics.mideast talk.politics.mideast:0.9999999999999953 talk.politics.misc:4.55267702282247E-15 talk.politics.guns:1.1863512069570463E-19 
77810 talk.politics.mideast talk.politics.mideast:0.9999998980120406 talk.politics.misc:1.0183516927577715E-7 talk.politics.guns:1.527901577918855E-10 
77811 talk.politics.mideast talk.politics.mideast:0.999999999999851 talk.politics.misc:1.4888711084579065E-13 talk.politics.guns:3.2837922770858735E-24 
77812 talk.politics.mideast talk.politics.mideast:0.9999456260168812 talk.politics.misc:5.437326217989692E-5 talk.politics.guns:7.209389450793846E-10 
77813 talk.politics.mideast talk.politics.mideast:0.92924239059668 talk.politics.guns:0.06065662013051459 talk.politics.misc:0.010100989272805578 
77814 talk.politics.mideast talk.politics.guns:0.6273767981434419 talk.politics.mideast:0.23129430173531929 talk.politics.misc:0.14132890012123875 
77815 talk.politics.mideast talk.politics.mideast:0.5114834294162547 talk.politics.misc:0.42863247410705374 talk.politics.guns:0.05988409647669154 
77816 talk.politics.mideast talk.politics.mideast:0.7817629279835844 talk.politics.guns:0.1917454590449005 talk.politics.misc:0.026491612971515227 
77817 talk.politics.mideast talk.politics.mideast:0.9999999999998732 talk.politics.misc:1.2673566912808596E-13 talk.politics.guns:6.962653462745401E-19 
77818 talk.politics.mideast talk.politics.mideast:0.9998978603714571 talk.politics.guns:9.280818815025076E-5 talk.politics.misc:9.331440392642822E-6 
77819 talk.politics.mideast talk.politics.mideast:0.9689112127696047 talk.politics.guns:0.027610918862073966 talk.politics.misc:0.003477868368321278 
77820 talk.politics.mideast talk.politics.mideast:0.8798486122437562 talk.politics.misc:0.08443049821039596 talk.politics.guns:0.035720889545847824 
77821 talk.politics.mideast talk.politics.guns:0.5928328069838131 talk.politics.mideast:0.2666785584135516 talk.politics.misc:0.14048863460263536 
77822 talk.politics.mideast talk.politics.mideast:0.556123782339307 talk.politics.misc:0.44381769911361396 talk.politics.guns:5.8518547078980693E-5 
77823 talk.politics.mideast talk.politics.mideast:0.8372609841738821 talk.politics.misc:0.09268815977942764 talk.politics.guns:0.07005085604669026 
77850 talk.politics.mideast talk.politics.mideast:0.9996792520123039 talk.politics.misc:3.2072399623420166E-4 talk.politics.guns:2.399146186131347E-8 
179017 talk.politics.misc talk.politics.guns:0.9997797262784506 talk.politics.mideast:1.7703686600761798E-4 talk.politics.misc:4.323685554172598E-5 
179018 talk.politics.misc talk.politics.misc:0.999999913594643 talk.politics.mideast:7.806673519034219E-8 talk.politics.guns:8.338621851275625E-9 
179019 talk.politics.misc talk.politics.misc:0.9999855273574023 talk.politics.mideast:1.4350302559971785E-5 talk.politics.guns:1.2234003785298872E-7 
179020 talk.politics.misc talk.politics.misc:0.9811546178070066 talk.politics.mideast:0.016896915387212177 talk.politics.guns:0.0019484668057810947 
179021 talk.politics.misc talk.politics.misc:0.9930361327810415 talk.politics.mideast:0.00445827634439316 talk.politics.guns:0.002505590874565229 
179022 talk.politics.misc talk.politics.misc:0.9999742361056719 talk.politics.mideast:2.2477164966104272E-5 talk.politics.guns:3.286729361861231E-6 
179023 talk.politics.misc talk.politics.misc:0.898660427800772 talk.politics.guns:0.0964416855425466 talk.politics.mideast:0.0048978866566813445 
179024 talk.politics.misc talk.politics.misc:0.996378722215597 talk.politics.guns:0.001835895378236712 talk.politics.mideast:0.0017853824061662186 
179025 talk.politics.misc talk.politics.guns:0.5319610932350156 talk.politics.misc:0.44415501049695205 talk.politics.mideast:0.02388389626803234 
179026 talk.politics.misc talk.politics.misc:0.9842805144123324 talk.politics.mideast:0.01568332420299083 talk.politics.guns:3.616138467672369E-5 
179027 talk.politics.misc talk.politics.misc:0.9999999931212007 talk.politics.guns:5.725197420447029E-9 talk.politics.mideast:1.1536017753265177E-9 
179028 talk.politics.misc talk.politics.misc:0.9996085225634004 talk.politics.guns:3.656193005100969E-4 talk.politics.mideast:2.5858136089584977E-5 
179029 talk.politics.misc talk.politics.misc:0.9999999154827504 talk.politics.guns:8.451724958041618E-8 talk.politics.mideast:5.633042313952653E-18 
179030 talk.politics.misc talk.politics.guns:0.9955215708969634 talk.politics.misc:0.0044784273126269635 talk.politics.mideast:1.7904098393420948E-9 
179031 talk.politics.misc talk.politics.misc:1.0 talk.politics.guns:1.0171880363550659E-16 talk.politics.mideast:4.478583344126895E-19 
179032 talk.politics.misc talk.politics.mideast:0.9621977577458484 talk.politics.misc:0.03520491517502737 talk.politics.guns:0.002597327079124114 
179033 talk.politics.misc talk.politics.misc:0.9999989433290658 talk.politics.guns:1.056670899923305E-6 talk.politics.mideast:3.435901475426233E-14 
179034 talk.politics.misc talk.politics.misc:1.0 talk.politics.guns:2.1960408438843892E-39 talk.politics.mideast:3.370544915045167E-61 
179035 talk.politics.misc talk.politics.mideast:0.4917057783561488 talk.politics.misc:0.34397959743872214 talk.politics.guns:0.16431462420512918 
179036 talk.politics.misc talk.politics.misc:0.9732140486844825 talk.politics.guns:0.026781279565799156 talk.politics.mideast:4.671749718469557E-6 
179037 talk.politics.misc talk.politics.misc:0.9999988070925199 talk.politics.guns:1.1411511801312284E-6 talk.politics.mideast:5.1756300106539434E-8 
179038 talk.politics.misc talk.politics.misc:0.9306415728472616 talk.politics.guns:0.06916788987120835 talk.politics.mideast:1.9053728153004156E-4 
179039 talk.politics.misc talk.politics.misc:0.9995202056692005 talk.politics.guns:4.7977683084954537E-4 talk.politics.mideast:1.74999499850751E-8 
179040 talk.politics.misc talk.politics.mideast:0.9859099558511999 talk.politics.misc:0.010730408027179618 talk.politics.guns:0.0033596361216205 
179041 talk.politics.misc talk.politics.misc:0.997903429047222 talk.politics.mideast:0.0018978141642666765 talk.politics.guns:1.9875678851134245E-4 
179042 talk.politics.misc talk.politics.misc:0.9993272092814804 talk.politics.guns:3.421410376402841E-4 talk.politics.mideast:3.30649680879253E-4 
179043 talk.politics.misc talk.politics.misc:0.9882079984024216 talk.politics.guns:0.011605128206616211 talk.politics.mideast:1.8687339096225007E-4 
179044 talk.politics.misc talk.politics.misc:0.979213748848282 talk.politics.guns:0.02074230827772976 talk.politics.mideast:4.394287398829751E-5 
179045 talk.politics.misc talk.politics.guns:0.9718463453450691 talk.politics.misc:0.02442072092235216 talk.politics.mideast:0.0037329337325786418 
179046 talk.politics.misc talk.politics.misc:0.931348266420333 talk.politics.guns:0.06643756172140468 talk.politics.mideast:0.002214171858262433 
179047 talk.politics.misc talk.politics.misc:0.8044597212198591 talk.politics.mideast:0.1335343392911181 talk.politics.guns:0.06200593948902285 
179048 talk.politics.misc talk.politics.misc:0.5657032486573275 talk.politics.guns:0.4342014291965919 talk.politics.mideast:9.53221460807091E-5 
179049 talk.politics.misc talk.politics.misc:0.9954803121779606 talk.politics.guns:0.00344327109226639 talk.politics.mideast:0.001076416729772999 
179050 talk.politics.misc talk.politics.misc:0.9999970732850435 talk.politics.guns:2.4771982324515377E-6 talk.politics.mideast:4.49516724039254E-7 
179051 talk.politics.misc talk.politics.misc:0.9985321226633204 talk.politics.guns:0.001288825219812643 talk.politics.mideast:1.7905211686703568E-4 
179052 talk.politics.misc talk.politics.guns:0.9655408658339444 talk.politics.misc:0.03445904799631885 talk.politics.mideast:8.616973694444505E-8 
179053 talk.politics.misc talk.politics.misc:0.9706591594086654 talk.politics.guns:0.029230715990089834 talk.politics.mideast:1.1012460124473891E-4 
179054 talk.politics.misc talk.politics.misc:1.0 talk.politics.mideast:1.545514749151513E-29 talk.politics.guns:1.6985723401935082E-44 
179055 talk.politics.misc talk.politics.guns:0.40620657339500016 talk.politics.mideast:0.3942190166204337 talk.politics.misc:0.19957440998456616 
179056 talk.politics.misc talk.politics.misc:0.946861480633499 talk.politics.mideast:0.05217127685787121 talk.politics.guns:9.672425086298963E-4 
179057 talk.politics.misc talk.politics.mideast:1.0 talk.politics.misc:2.5246148651472104E-18 talk.politics.guns:6.024080165378194E-26 
179058 talk.politics.misc talk.politics.misc:1.0 talk.politics.mideast:6.705152673406403E-51 talk.politics.guns:2.2517644121807426E-70 
179059 talk.politics.misc talk.politics.misc:0.9822650519549048 talk.politics.guns:0.016088982027594925 talk.politics.mideast:0.0016459660175003892 
179060 talk.politics.misc talk.politics.misc:0.8240781596116884 talk.politics.guns:0.17543409919804143 talk.politics.mideast:4.877411902702391E-4 
179061 talk.politics.misc talk.politics.mideast:0.9913619639508192 talk.politics.misc:0.008466925316569599 talk.politics.guns:1.711107326111852E-4 
179062 talk.politics.misc talk.politics.misc:0.9858093886244804 talk.politics.guns:0.008999908218562778 talk.politics.mideast:0.0051907031569567 
179063 talk.politics.misc talk.politics.mideast:0.8404807939421157 talk.politics.misc:0.15930626210091833 talk.politics.guns:2.12943956965944E-4 
179064 talk.politics.misc talk.politics.guns:0.9257711046602888 talk.politics.misc:0.07401994006637923 talk.politics.mideast:2.0895527333197845E-4 
179065 talk.politics.misc talk.politics.misc:0.9988767949694048 talk.politics.guns:0.0010922932358114039 talk.politics.mideast:3.0911794783725937E-5 
179066 talk.politics.misc talk.politics.misc:0.6939803267900732 talk.politics.guns:0.3060178678611989 talk.politics.mideast:1.805348727998056E-6 
179067 talk.politics.misc talk.politics.guns:0.8763460288749667 talk.politics.misc:0.1234638872100704 talk.politics.mideast:1.900839149628315E-4 
179068 talk.politics.misc talk.politics.misc:0.9999991265892804 talk.politics.mideast:8.603182840756561E-7 talk.politics.guns:1.3092435508582934E-8 
179069 talk.politics.misc talk.politics.misc:0.990351669846344 talk.politics.guns:0.006208692595953959 talk.politics.mideast:0.0034396375577019607 
179070 talk.politics.misc talk.politics.misc:0.9982685494163023 talk.politics.guns:0.0016729883947768762 talk.politics.mideast:5.846218892075037E-5 
179071 talk.politics.misc talk.politics.misc:0.998850149705526 talk.politics.guns:0.0011337012668602721 talk.politics.mideast:1.614902761380675E-5 
179072 talk.politics.misc talk.politics.misc:0.8994129454004113 talk.politics.guns:0.07476402163481026 talk.politics.mideast:0.025823032964778378 
179073 talk.politics.misc talk.politics.misc:1.0 talk.politics.guns:3.328829197694377E-57 talk.politics.mideast:1.2252580482890505E-92 
179074 talk.politics.misc talk.politics.guns:0.9327070428018126 talk.politics.misc:0.06703641893343337 talk.politics.mideast:2.565382647541061E-4 
179075 talk.politics.misc talk.politics.misc:0.9957452741262421 talk.politics.guns:0.004100594465286856 talk.politics.mideast:1.5413140847100656E-4 
179076 talk.politics.misc talk.politics.misc:0.4595279982927109 talk.politics.mideast:0.28329104055515103 talk.politics.guns:0.257180961152138 
179077 talk.politics.misc talk.politics.misc:0.9999984870404366 talk.politics.guns:1.0568914398659673E-6 talk.politics.mideast:4.5606812362048435E-7 
179078 talk.politics.misc talk.politics.misc:0.5947367073707043 talk.politics.guns:0.3522716621315328 talk.politics.mideast:0.05299163049776302 
179079 talk.politics.misc talk.politics.misc:0.9941720976121967 talk.politics.guns:0.005742956007997082 talk.politics.mideast:8.494637980626272E-5 
179080 talk.politics.misc talk.politics.misc:0.8865232725072496 talk.politics.mideast:0.06160094481719635 talk.politics.guns:0.051875782675553934 
179081 talk.politics.misc talk.politics.misc:0.9998427352035892 talk.politics.guns:1.222275388030651E-4 talk.politics.mideast:3.5037257607606725E-5 
179082 talk.politics.misc talk.politics.misc:0.9933210403895486 talk.politics.mideast:0.006457562182871771 talk.politics.guns:2.2139742757954986E-4 
179083 talk.politics.misc talk.politics.misc:0.9999855190067428 talk.politics.guns:7.72191850661133E-6 talk.politics.mideast:6.75907475064706E-6 
179084 talk.politics.misc talk.politics.guns:0.9020471558455802 talk.politics.misc:0.09429845629416789 talk.politics.mideast:0.003654387860251931 
179085 talk.politics.misc talk.politics.misc:0.8246078977762834 talk.politics.guns:0.14241738222697614 talk.politics.mideast:0.03297471999674044 
179086 talk.politics.misc talk.politics.misc:0.7028221276816238 talk.politics.guns:0.289317641124558 talk.politics.mideast:0.007860231193818325 
