 Raw Testing Data
../20_newsgroups/talk.politics.guns/55093 talk.politics.guns talk.politics.guns:0.89451576239929 talk.politics.misc:0.08018533210089514 talk.politics.mideast:0.025298905499814877 
../20_newsgroups/talk.politics.guns/55094 talk.politics.guns talk.politics.guns:0.9568680917586531 talk.politics.mideast:0.03555299388835665 talk.politics.misc:0.0075789143529902715 
../20_newsgroups/talk.politics.guns/55095 talk.politics.guns talk.politics.guns:0.7245596471458376 talk.politics.misc:0.24057580648765434 talk.politics.mideast:0.03486454636650798 
../20_newsgroups/talk.politics.guns/55096 talk.politics.guns talk.politics.guns:0.9999997653646266 talk.politics.misc:2.3416007883226908E-7 talk.politics.mideast:4.752946038221811E-10 
../20_newsgroups/talk.politics.guns/55097 talk.politics.guns talk.politics.guns:0.9999993493646281 talk.politics.misc:6.498224553157818E-7 talk.politics.mideast:8.129165424084591E-10 
../20_newsgroups/talk.politics.guns/55098 talk.politics.guns talk.politics.misc:0.6756680725707581 talk.politics.guns:0.32127009618703933 talk.politics.mideast:0.0030618312422026174 
../20_newsgroups/talk.politics.guns/55099 talk.politics.guns talk.politics.misc:0.6045132563371658 talk.politics.guns:0.28689702929464084 talk.politics.mideast:0.10858971436819338 
../20_newsgroups/talk.politics.guns/55100 talk.politics.guns talk.politics.guns:0.7045780447680767 talk.politics.misc:0.22451372011134269 talk.politics.mideast:0.07090823512058057 
../20_newsgroups/talk.politics.guns/55101 talk.politics.guns talk.politics.guns:0.8891007972890542 talk.politics.misc:0.11085753025664288 talk.politics.mideast:4.167245430285171E-5 
../20_newsgroups/talk.politics.guns/55102 talk.politics.guns talk.politics.guns:0.7548439368412981 talk.politics.misc:0.2451545190418098 talk.politics.mideast:1.5441168919737945E-6 
../20_newsgroups/talk.politics.guns/55103 talk.politics.guns talk.politics.guns:0.9961794826451398 talk.politics.misc:0.0034730478275103852 talk.politics.mideast:3.474695273497401E-4 
../20_newsgroups/talk.politics.guns/55104 talk.politics.guns talk.politics.guns:0.9922646941463236 talk.politics.misc:0.0046496602862435 talk.politics.mideast:0.0030856455674329744 
../20_newsgroups/talk.politics.guns/55105 talk.politics.guns talk.politics.guns:0.9999934577260366 talk.politics.misc:6.541408756860268E-6 talk.politics.mideast:8.652064971075173E-10 
../20_newsgroups/talk.politics.guns/55106 talk.politics.guns talk.politics.guns:0.9993963940806587 talk.politics.mideast:4.227259431468552E-4 talk.politics.misc:1.8087997619440084E-4 
../20_newsgroups/talk.politics.guns/55107 talk.politics.guns talk.politics.guns:0.8507808535629571 talk.politics.misc:0.11898910289557862 talk.politics.mideast:0.030230043541464177 
../20_newsgroups/talk.politics.guns/55108 talk.politics.guns talk.politics.guns:0.9982999057943892 talk.politics.mideast:0.0016466310607758277 talk.politics.misc:5.3463144834965344E-5 
../20_newsgroups/talk.politics.guns/55109 talk.politics.guns talk.politics.guns:0.969525820365844 talk.politics.misc:0.027925534851997617 talk.politics.mideast:0.002548644782158342 
../20_newsgroups/talk.politics.guns/55110 talk.politics.guns talk.politics.guns:0.9999988088961241 talk.politics.misc:1.1862439983772794E-6 talk.politics.mideast:4.859877503710261E-9 
../20_newsgroups/talk.politics.guns/55111 talk.politics.guns talk.politics.guns:0.8578513300887582 talk.politics.mideast:0.07211987100459952 talk.politics.misc:0.07002879890664226 
../20_newsgroups/talk.politics.guns/55112 talk.politics.guns talk.politics.guns:0.9977194542479041 talk.politics.misc:0.002277642471414024 talk.politics.mideast:2.9032806817137933E-6 
../20_newsgroups/talk.politics.guns/55113 talk.politics.guns talk.politics.guns:0.7758118381318974 talk.politics.misc:0.2196257429946964 talk.politics.mideast:0.004562418873406241 
../20_newsgroups/talk.politics.guns/55114 talk.politics.guns talk.politics.misc:0.6931559368043013 talk.politics.guns:0.28082985638864966 talk.politics.mideast:0.02601420680704902 
../20_newsgroups/talk.politics.guns/55115 talk.politics.guns talk.politics.guns:0.9526460138799067 talk.politics.misc:0.047341723369488366 talk.politics.mideast:1.2262750604972471E-5 
../20_newsgroups/talk.politics.guns/55116 talk.politics.guns talk.politics.guns:0.8311559410211409 talk.politics.mideast:0.1550451476368819 talk.politics.misc:0.013798911341977273 
../20_newsgroups/talk.politics.guns/55117 talk.politics.guns talk.politics.guns:0.9285464441468335 talk.politics.mideast:0.04039863647412926 talk.politics.misc:0.031054919379037108 
../20_newsgroups/talk.politics.guns/55118 talk.politics.guns talk.politics.guns:0.8305688251007997 talk.politics.misc:0.16925724374309054 talk.politics.mideast:1.73931156109809E-4 
../20_newsgroups/talk.politics.guns/55119 talk.politics.guns talk.politics.guns:0.9863592069730505 talk.politics.misc:0.013414473387313254 talk.politics.mideast:2.2631963963643502E-4 
../20_newsgroups/talk.politics.guns/55120 talk.politics.guns talk.politics.guns:0.9222395596499592 talk.politics.misc:0.0682461393975715 talk.politics.mideast:0.009514300952469442 
../20_newsgroups/talk.politics.guns/55121 talk.politics.guns talk.politics.guns:0.9912950451810474 talk.politics.misc:0.008697869437361774 talk.politics.mideast:7.085381590989214E-6 
../20_newsgroups/talk.politics.guns/55122 talk.politics.guns talk.politics.guns:0.9817803819187412 talk.politics.misc:0.01821959156685336 talk.politics.mideast:2.6514405628870852E-8 
../20_newsgroups/talk.politics.guns/55123 talk.politics.guns talk.politics.guns:0.9923152988566334 talk.politics.misc:0.0051758305883153645 talk.politics.mideast:0.0025088705550513585 
../20_newsgroups/talk.politics.guns/55124 talk.politics.guns talk.politics.guns:0.8449651637535033 talk.politics.misc:0.13722977042047568 talk.politics.mideast:0.01780506582602093 
../20_newsgroups/talk.politics.guns/55125 talk.politics.guns talk.politics.guns:0.674946394290693 talk.politics.misc:0.31484575759058653 talk.politics.mideast:0.010207848118720523 
../20_newsgroups/talk.politics.guns/55126 talk.politics.guns talk.politics.guns:0.9996509684747656 talk.politics.misc:3.487805187941946E-4 talk.politics.mideast:2.5100644027948114E-7 
../20_newsgroups/talk.politics.guns/55231 talk.politics.guns talk.politics.guns:0.8343203570698466 talk.politics.misc:0.15250867252356978 talk.politics.mideast:0.013170970406583592 
../20_newsgroups/talk.politics.guns/55232 talk.politics.guns talk.politics.guns:0.9889081814803677 talk.politics.misc:0.007899936357432191 talk.politics.mideast:0.0031918821622002637 
../20_newsgroups/talk.politics.guns/55233 talk.politics.guns talk.politics.guns:0.9999520474053585 talk.politics.misc:4.793076525597742E-5 talk.politics.mideast:2.182938545103012E-8 
../20_newsgroups/talk.politics.guns/55234 talk.politics.guns talk.politics.guns:0.9999752271803262 talk.politics.misc:1.820370449923748E-5 talk.politics.mideast:6.569115174653775E-6 
../20_newsgroups/talk.politics.guns/55235 talk.politics.guns talk.politics.guns:0.4518928858517176 talk.politics.mideast:0.3122037459762743 talk.politics.misc:0.23590336817200808 
../20_newsgroups/talk.politics.guns/55236 talk.politics.guns talk.politics.guns:0.9880758454274489 talk.politics.mideast:0.006223350423882888 talk.politics.misc:0.005700804148668363 
../20_newsgroups/talk.politics.guns/55238 talk.politics.guns talk.politics.guns:0.9835119402436872 talk.politics.misc:0.016201385518578568 talk.politics.mideast:2.8667423773437044E-4 
../20_newsgroups/talk.politics.guns/55239 talk.politics.guns talk.politics.guns:0.8090144303566256 talk.politics.misc:0.18291705558279836 talk.politics.mideast:0.008068514060576045 
../20_newsgroups/talk.politics.guns/55240 talk.politics.guns talk.politics.guns:0.9999945402626039 talk.politics.misc:3.663987125863153E-6 talk.politics.mideast:1.7957502702956057E-6 
../20_newsgroups/talk.politics.guns/55241 talk.politics.guns talk.politics.guns:0.9941087854490479 talk.politics.misc:0.005889947022574515 talk.politics.mideast:1.2675283775324706E-6 
../20_newsgroups/talk.politics.guns/55246 talk.politics.guns talk.politics.guns:0.46061239609917515 talk.politics.misc:0.39636575141282476 talk.politics.mideast:0.14302185248800015 
../20_newsgroups/talk.politics.guns/55247 talk.politics.guns talk.politics.guns:0.9016124315614336 talk.politics.mideast:0.05127905238940698 talk.politics.misc:0.04710851604915948 
../20_newsgroups/talk.politics.guns/55248 talk.politics.guns talk.politics.guns:0.964132924555982 talk.politics.misc:0.0335429408633872 talk.politics.mideast:0.0023241345806309646 
../20_newsgroups/talk.politics.guns/55249 talk.politics.guns talk.politics.guns:0.9999073172881396 talk.politics.misc:9.158112091711973E-5 talk.politics.mideast:1.1015909433350602E-6 
../20_newsgroups/talk.politics.guns/55250 talk.politics.guns talk.politics.mideast:0.3688218747674533 talk.politics.guns:0.3656954971046887 talk.politics.misc:0.26548262812785806 
../20_newsgroups/talk.politics.guns/55251 talk.politics.guns talk.politics.guns:0.9999572938891702 talk.politics.misc:4.269693477888855E-5 talk.politics.mideast:9.176050786387617E-9 
../20_newsgroups/talk.politics.guns/55252 talk.politics.guns talk.politics.misc:0.8893215380202931 talk.politics.guns:0.05784848209533648 talk.politics.mideast:0.0528299798843705 
../20_newsgroups/talk.politics.guns/55253 talk.politics.guns talk.politics.misc:0.8893215380202931 talk.politics.guns:0.05784848209533648 talk.politics.mideast:0.0528299798843705 
../20_newsgroups/talk.politics.guns/55254 talk.politics.guns talk.politics.misc:0.8893215380202931 talk.politics.guns:0.05784848209533648 talk.politics.mideast:0.0528299798843705 
../20_newsgroups/talk.politics.guns/55255 talk.politics.guns talk.politics.misc:0.8893215380202931 talk.politics.guns:0.05784848209533648 talk.politics.mideast:0.0528299798843705 
../20_newsgroups/talk.politics.guns/55256 talk.politics.guns talk.politics.guns:0.9402585146852593 talk.politics.mideast:0.049886216935820515 talk.politics.misc:0.009855268378920031 
../20_newsgroups/talk.politics.guns/55257 talk.politics.guns talk.politics.misc:0.8893215380202931 talk.politics.guns:0.05784848209533648 talk.politics.mideast:0.0528299798843705 
../20_newsgroups/talk.politics.guns/55258 talk.politics.guns talk.politics.guns:0.9998531828234841 talk.politics.misc:1.4544119903015272E-4 talk.politics.mideast:1.3759774857540279E-6 
../20_newsgroups/talk.politics.guns/55259 talk.politics.guns talk.politics.guns:0.999949043266227 talk.politics.misc:5.08943421742627E-5 talk.politics.mideast:6.239159883744459E-8 
../20_newsgroups/talk.politics.guns/55260 talk.politics.guns talk.politics.guns:0.7778984753358058 talk.politics.misc:0.218818398253643 talk.politics.mideast:0.0032831264105511043 
../20_newsgroups/talk.politics.guns/55261 talk.politics.guns talk.politics.guns:0.8575074664909557 talk.politics.mideast:0.09837848479346505 talk.politics.misc:0.04411404871557934 
../20_newsgroups/talk.politics.guns/55262 talk.politics.guns talk.politics.misc:0.5906854274871604 talk.politics.guns:0.406223004607234 talk.politics.mideast:0.003091567905605696 
../20_newsgroups/talk.politics.guns/55263 talk.politics.guns talk.politics.guns:0.9968321563897852 talk.politics.misc:0.0030363568799009096 talk.politics.mideast:1.3148673031392985E-4 
../20_newsgroups/talk.politics.guns/55264 talk.politics.guns talk.politics.guns:0.7124996527691205 talk.politics.misc:0.20437940060975957 talk.politics.mideast:0.08312094662111995 
../20_newsgroups/talk.politics.guns/55265 talk.politics.guns talk.politics.guns:0.9998448188072807 talk.politics.misc:1.2452709877982447E-4 talk.politics.mideast:3.065409393935594E-5 
../20_newsgroups/talk.politics.guns/55266 talk.politics.guns talk.politics.guns:0.9073266520295401 talk.politics.misc:0.09267240589401268 talk.politics.mideast:9.420764471500813E-7 
../20_newsgroups/talk.politics.guns/55267 talk.politics.guns talk.politics.guns:0.8685431470924715 talk.politics.mideast:0.10993414776395681 talk.politics.misc:0.02152270514357182 
../20_newsgroups/talk.politics.guns/55268 talk.politics.guns talk.politics.guns:0.9999128151772234 talk.politics.misc:8.683444615474526E-5 talk.politics.mideast:3.503766218430891E-7 
../20_newsgroups/talk.politics.guns/55269 talk.politics.guns talk.politics.misc:0.5259838578579834 talk.politics.guns:0.4118654241659778 talk.politics.mideast:0.06215071797603879 
../20_newsgroups/talk.politics.guns/55270 talk.politics.guns talk.politics.misc:0.6430767471605815 talk.politics.guns:0.3465252561407544 talk.politics.mideast:0.010397996698664052 
../20_newsgroups/talk.politics.guns/55271 talk.politics.guns talk.politics.guns:0.6005991630005703 talk.politics.misc:0.39106948700736244 talk.politics.mideast:0.00833134999206748 
../20_newsgroups/talk.politics.guns/55272 talk.politics.guns talk.politics.guns:0.9936612837071443 talk.politics.misc:0.006327663740625399 talk.politics.mideast:1.105255223022545E-5 
../20_newsgroups/talk.politics.guns/55273 talk.politics.guns talk.politics.guns:0.9880154113330121 talk.politics.misc:0.01061069478934565 talk.politics.mideast:0.0013738938776422765 
../20_newsgroups/talk.politics.guns/55274 talk.politics.guns talk.politics.misc:0.9418746862594225 talk.politics.mideast:0.0544984910638174 talk.politics.guns:0.0036268226767600595 
../20_newsgroups/talk.politics.guns/55275 talk.politics.guns talk.politics.guns:0.9896625073671395 talk.politics.mideast:0.00893335159364629 talk.politics.misc:0.0014041410392142838 
../20_newsgroups/talk.politics.guns/55276 talk.politics.guns talk.politics.guns:0.982584141819066 talk.politics.misc:0.012201967276418202 talk.politics.mideast:0.005213890904515596 
../20_newsgroups/talk.politics.guns/55277 talk.politics.guns talk.politics.misc:0.7939780855489516 talk.politics.guns:0.2044577491810025 talk.politics.mideast:0.0015641652700460215 
../20_newsgroups/talk.politics.guns/55278 talk.politics.guns talk.politics.misc:0.6768594547485951 talk.politics.guns:0.2505224972149784 talk.politics.mideast:0.07261804803642663 
../20_newsgroups/talk.politics.guns/55279 talk.politics.guns talk.politics.guns:0.990276159093235 talk.politics.mideast:0.008574172856939608 talk.politics.misc:0.0011496680498254367 
../20_newsgroups/talk.politics.guns/55280 talk.politics.guns talk.politics.guns:0.9999924226032193 talk.politics.mideast:4.3764579030247594E-6 talk.politics.misc:3.2009388778596974E-6 
../20_newsgroups/talk.politics.guns/55425 talk.politics.guns talk.politics.guns:0.9976155607723601 talk.politics.misc:0.002379864441633148 talk.politics.mideast:4.574786006808873E-6 
../20_newsgroups/talk.politics.guns/55426 talk.politics.guns talk.politics.guns:0.9984669750669656 talk.politics.misc:7.937320447613861E-4 talk.politics.mideast:7.392928882729441E-4 
../20_newsgroups/talk.politics.guns/55467 talk.politics.guns talk.politics.guns:0.9918419081777167 talk.politics.misc:0.007882794912021323 talk.politics.mideast:2.7529691026192716E-4 
../20_newsgroups/talk.politics.guns/55468 talk.politics.guns talk.politics.guns:0.9963436144983739 talk.politics.misc:0.002864850940597209 talk.politics.mideast:7.91534561028753E-4 
../20_newsgroups/talk.politics.guns/55469 talk.politics.guns talk.politics.guns:0.6639523210084672 talk.politics.misc:0.32049623609546574 talk.politics.mideast:0.015551442896067068 
../20_newsgroups/talk.politics.guns/55470 talk.politics.guns talk.politics.guns:0.9786565999013297 talk.politics.misc:0.02014807847205843 talk.politics.mideast:0.0011953216266118428 
../20_newsgroups/talk.politics.guns/55471 talk.politics.guns talk.politics.guns:0.6504353089974175 talk.politics.misc:0.3462454667899018 talk.politics.mideast:0.003319224212680658 
../20_newsgroups/talk.politics.guns/55472 talk.politics.guns talk.politics.misc:0.9395505655194758 talk.politics.guns:0.05354678283039484 talk.politics.mideast:0.006902651650129341 
../20_newsgroups/talk.politics.guns/55473 talk.politics.guns talk.politics.guns:0.99954812461741 talk.politics.mideast:2.537407846100621E-4 talk.politics.misc:1.9813459797993324E-4 
../20_newsgroups/talk.politics.guns/55474 talk.politics.guns talk.politics.guns:0.6373750471451256 talk.politics.mideast:0.2270068799688153 talk.politics.misc:0.13561807288605918 
../20_newsgroups/talk.politics.guns/55475 talk.politics.guns talk.politics.guns:0.9969853996020347 talk.politics.misc:0.00227001837512629 talk.politics.mideast:7.445820228389463E-4 
../20_newsgroups/talk.politics.guns/55476 talk.politics.guns talk.politics.misc:0.8552365670007659 talk.politics.mideast:0.1363891614931758 talk.politics.guns:0.008374271506058384 
../20_newsgroups/talk.politics.guns/55482 talk.politics.guns talk.politics.guns:0.5715493549479047 talk.politics.misc:0.35766442000779053 talk.politics.mideast:0.07078622504430485 
../20_newsgroups/talk.politics.guns/55483 talk.politics.guns talk.politics.misc:0.7311306515030739 talk.politics.guns:0.14080291863597802 talk.politics.mideast:0.12806642986094802 
../20_newsgroups/talk.politics.guns/55484 talk.politics.guns talk.politics.guns:0.9998626266222983 talk.politics.misc:1.3719164302711584E-4 talk.politics.mideast:1.8173467472012355E-7 
../20_newsgroups/talk.politics.guns/55485 talk.politics.guns talk.politics.guns:0.9808625085735387 talk.politics.misc:0.018537514351476662 talk.politics.mideast:5.999770749844847E-4 
../20_newsgroups/talk.politics.guns/55486 talk.politics.guns talk.politics.guns:0.9496856707492843 talk.politics.misc:0.04035510021088356 talk.politics.mideast:0.009959229039832115 
../20_newsgroups/talk.politics.guns/55487 talk.politics.guns talk.politics.guns:0.9178148830708086 talk.politics.misc:0.05498286059861866 talk.politics.mideast:0.02720225633057281 
../20_newsgroups/talk.politics.guns/55488 talk.politics.guns talk.politics.guns:0.9351945637033237 talk.politics.misc:0.05107554743142935 talk.politics.mideast:0.013729888865246944 
../20_newsgroups/talk.politics.guns/55489 talk.politics.guns talk.politics.guns:0.996203502284291 talk.politics.misc:0.002230115189091282 talk.politics.mideast:0.0015663825266178343 
../20_newsgroups/talk.politics.guns/55490 talk.politics.guns talk.politics.guns:0.8538645439154519 talk.politics.misc:0.1403884147443465 talk.politics.mideast:0.005747041340201572 
../20_newsgroups/talk.politics.mideast/77324 talk.politics.mideast talk.politics.guns:0.5466976302273087 talk.politics.mideast:0.2733494553214224 talk.politics.misc:0.17995291445126904 
../20_newsgroups/talk.politics.mideast/77325 talk.politics.mideast talk.politics.mideast:0.889149165007365 talk.politics.misc:0.08381430511421913 talk.politics.guns:0.02703652987841601 
../20_newsgroups/talk.politics.mideast/77326 talk.politics.mideast talk.politics.mideast:0.9998520012054459 talk.politics.misc:1.410831793454981E-4 talk.politics.guns:6.915615208612492E-6 
../20_newsgroups/talk.politics.mideast/77327 talk.politics.mideast talk.politics.mideast:0.9999681895326605 talk.politics.misc:2.8690426476576678E-5 talk.politics.guns:3.1200408629205613E-6 
../20_newsgroups/talk.politics.mideast/77328 talk.politics.mideast talk.politics.mideast:0.9994082794790284 talk.politics.guns:4.987453090614449E-4 talk.politics.misc:9.297521191007424E-5 
../20_newsgroups/talk.politics.mideast/77329 talk.politics.mideast talk.politics.mideast:0.4930217275479834 talk.politics.misc:0.4839517693672612 talk.politics.guns:0.023026503084755352 
../20_newsgroups/talk.politics.mideast/77330 talk.politics.mideast talk.politics.mideast:0.9277246756232036 talk.politics.misc:0.05838706375907419 talk.politics.guns:0.013888260617722225 
../20_newsgroups/talk.politics.mideast/77331 talk.politics.mideast talk.politics.mideast:0.9731555405975829 talk.politics.misc:0.026840424192685446 talk.politics.guns:4.035209731633562E-6 
../20_newsgroups/talk.politics.mideast/77332 talk.politics.mideast talk.politics.mideast:0.999462166728658 talk.politics.misc:4.914345999265651E-4 talk.politics.guns:4.639867141537082E-5 
../20_newsgroups/talk.politics.mideast/77333 talk.politics.mideast talk.politics.mideast:0.998262737545026 talk.politics.misc:0.001707244260820719 talk.politics.guns:3.0018194153199637E-5 
../20_newsgroups/talk.politics.mideast/77334 talk.politics.mideast talk.politics.mideast:0.9998929713674736 talk.politics.misc:1.0179640567672821E-4 talk.politics.guns:5.2322268496522695E-6 
../20_newsgroups/talk.politics.mideast/77335 talk.politics.mideast talk.politics.mideast:0.9996381565106573 talk.politics.misc:2.0552461973050737E-4 talk.politics.guns:1.5631886961219824E-4 
../20_newsgroups/talk.politics.mideast/77336 talk.politics.mideast talk.politics.mideast:0.5967593373881882 talk.politics.misc:0.2194776337769841 talk.politics.guns:0.18376302883482779 
../20_newsgroups/talk.politics.mideast/77337 talk.politics.mideast talk.politics.mideast:0.9599254402899046 talk.politics.misc:0.030220637794965706 talk.politics.guns:0.009853921915129734 
../20_newsgroups/talk.politics.mideast/77338 talk.politics.mideast talk.politics.mideast:0.997044860226358 talk.politics.misc:0.0021305778845059154 talk.politics.guns:8.245618891361347E-4 
../20_newsgroups/talk.politics.mideast/77339 talk.politics.mideast talk.politics.mideast:0.999618165933449 talk.politics.misc:3.609447748516365E-4 talk.politics.guns:2.088929169951984E-5 
../20_newsgroups/talk.politics.mideast/77340 talk.politics.mideast talk.politics.mideast:0.9678225890251461 talk.politics.misc:0.020976865133070555 talk.politics.guns:0.011200545841783304 
../20_newsgroups/talk.politics.mideast/77341 talk.politics.mideast talk.politics.misc:0.5245480044452013 talk.politics.guns:0.29680851090955374 talk.politics.mideast:0.1786434846452449 
../20_newsgroups/talk.politics.mideast/77342 talk.politics.mideast talk.politics.mideast:0.9999980712232266 talk.politics.misc:1.9249630397406156E-6 talk.politics.guns:3.813733578991846E-9 
../20_newsgroups/talk.politics.mideast/77343 talk.politics.mideast talk.politics.mideast:0.980726694554353 talk.politics.misc:0.018811437776356427 talk.politics.guns:4.61867669290461E-4 
../20_newsgroups/talk.politics.mideast/77344 talk.politics.mideast talk.politics.mideast:0.9998158601341748 talk.politics.misc:1.8268513883103814E-4 talk.politics.guns:1.4547269942597968E-6 
../20_newsgroups/talk.politics.mideast/77345 talk.politics.mideast talk.politics.misc:0.645688574444336 talk.politics.mideast:0.279707731647376 talk.politics.guns:0.0746036939082879 
../20_newsgroups/talk.politics.mideast/77346 talk.politics.mideast talk.politics.mideast:0.9946240925352883 talk.politics.misc:0.005202214436129666 talk.politics.guns:1.736930285820388E-4 
../20_newsgroups/talk.politics.mideast/77347 talk.politics.mideast talk.politics.mideast:0.9985829531867639 talk.politics.misc:0.001355647255693414 talk.politics.guns:6.139955754251915E-5 
../20_newsgroups/talk.politics.mideast/77348 talk.politics.mideast talk.politics.mideast:0.9999989613192642 talk.politics.misc:1.0385412668845174E-6 talk.politics.guns:1.3946883998281696E-10 
../20_newsgroups/talk.politics.mideast/77349 talk.politics.mideast talk.politics.mideast:0.9999209799923552 talk.politics.misc:5.788605603638301E-5 talk.politics.guns:2.113395160840565E-5 
../20_newsgroups/talk.politics.mideast/77350 talk.politics.mideast talk.politics.mideast:0.9999718854853594 talk.politics.misc:2.8099819375525993E-5 talk.politics.guns:1.4695265093967256E-8 
../20_newsgroups/talk.politics.mideast/77351 talk.politics.mideast talk.politics.mideast:0.9958553229496676 talk.politics.misc:0.004144035158729635 talk.politics.guns:6.418916026557232E-7 
../20_newsgroups/talk.politics.mideast/77352 talk.politics.mideast talk.politics.mideast:0.9999999544374004 talk.politics.misc:4.436756626114507E-8 talk.politics.guns:1.1950333244943678E-9 
../20_newsgroups/talk.politics.mideast/77353 talk.politics.mideast talk.politics.mideast:0.9870820229623073 talk.politics.misc:0.01201805827603132 talk.politics.guns:8.999187616612667E-4 
../20_newsgroups/talk.politics.mideast/77354 talk.politics.mideast talk.politics.mideast:0.6261278531536898 talk.politics.guns:0.3466111704269129 talk.politics.misc:0.0272609764193973 
../20_newsgroups/talk.politics.mideast/77355 talk.politics.mideast talk.politics.mideast:0.5450059280361674 talk.politics.misc:0.45438035525598464 talk.politics.guns:6.13716707847923E-4 
../20_newsgroups/talk.politics.mideast/77356 talk.politics.mideast talk.politics.misc:0.758574513812571 talk.politics.mideast:0.1909031740431749 talk.politics.guns:0.05052231214425403 
../20_newsgroups/talk.politics.mideast/77357 talk.politics.mideast talk.politics.mideast:0.903336279081234 talk.politics.guns:0.06246583762369589 talk.politics.misc:0.03419788329507008 
../20_newsgroups/talk.politics.mideast/77358 talk.politics.mideast talk.politics.mideast:0.9995541590673389 talk.politics.misc:4.339283406358887E-4 talk.politics.guns:1.1912592025237165E-5 
../20_newsgroups/talk.politics.mideast/77359 talk.politics.mideast talk.politics.mideast:0.8677020785462785 talk.politics.misc:0.13213978251732836 talk.politics.guns:1.581389363931316E-4 
../20_newsgroups/talk.politics.mideast/77360 talk.politics.mideast talk.politics.mideast:0.9999927860565082 talk.politics.misc:7.213879112325841E-6 talk.politics.guns:6.437943454488072E-11 
../20_newsgroups/talk.politics.mideast/77361 talk.politics.mideast talk.politics.mideast:0.9948751336090709 talk.politics.guns:0.002705662581836093 talk.politics.misc:0.0024192038090929584 
../20_newsgroups/talk.politics.mideast/77362 talk.politics.mideast talk.politics.mideast:0.9996948410387761 talk.politics.misc:3.048419181350503E-4 talk.politics.guns:3.1704308865883447E-7 
../20_newsgroups/talk.politics.mideast/77363 talk.politics.mideast talk.politics.mideast:0.9992046224906687 talk.politics.misc:7.952877897810472E-4 talk.politics.guns:8.971955027236078E-8 
../20_newsgroups/talk.politics.mideast/77364 talk.politics.mideast talk.politics.mideast:0.9999893165832742 talk.politics.misc:1.0562394003557177E-5 talk.politics.guns:1.210227223479006E-7 
../20_newsgroups/talk.politics.mideast/77365 talk.politics.mideast talk.politics.mideast:0.9991185452129298 talk.politics.misc:8.812680609812015E-4 talk.politics.guns:1.8672608898640695E-7 
../20_newsgroups/talk.politics.mideast/77366 talk.politics.mideast talk.politics.mideast:0.9999424877915469 talk.politics.guns:5.4951848703016674E-5 talk.politics.misc:2.5603597500323787E-6 
../20_newsgroups/talk.politics.mideast/77367 talk.politics.mideast talk.politics.mideast:0.9999999848276162 talk.politics.misc:1.5168599790356024E-8 talk.politics.guns:3.784149695036178E-12 
../20_newsgroups/talk.politics.mideast/77368 talk.politics.mideast talk.politics.misc:0.9897136006388174 talk.politics.guns:0.00752123275527438 talk.politics.mideast:0.0027651666059082666 
../20_newsgroups/talk.politics.mideast/77369 talk.politics.mideast talk.politics.mideast:0.9999804235171385 talk.politics.misc:1.9561387287019404E-5 talk.politics.guns:1.5095574603683933E-8 
../20_newsgroups/talk.politics.mideast/77370 talk.politics.mideast talk.politics.mideast:0.9998807029480172 talk.politics.misc:1.1907146164987626E-4 talk.politics.guns:2.2559033305188843E-7 
../20_newsgroups/talk.politics.mideast/77371 talk.politics.mideast talk.politics.mideast:0.9992375209913796 talk.politics.misc:7.576411263271826E-4 talk.politics.guns:4.837882293129158E-6 
../20_newsgroups/talk.politics.mideast/77372 talk.politics.mideast talk.politics.mideast:0.9833573969828064 talk.politics.misc:0.01664162070362716 talk.politics.guns:9.82313566242563E-7 
../20_newsgroups/talk.politics.mideast/77373 talk.politics.mideast talk.politics.mideast:0.7115414679107831 talk.politics.misc:0.26608700986884604 talk.politics.guns:0.022371522220370952 
../20_newsgroups/talk.politics.mideast/77374 talk.politics.mideast talk.politics.mideast:0.9999073878692293 talk.politics.misc:7.625117563753041E-5 talk.politics.guns:1.6360955133066896E-5 
../20_newsgroups/talk.politics.mideast/77375 talk.politics.mideast talk.politics.mideast:0.9387324166537531 talk.politics.misc:0.05893845342285148 talk.politics.guns:0.0023291299233953776 
../20_newsgroups/talk.politics.mideast/77376 talk.politics.mideast talk.politics.mideast:0.7324215882432328 talk.politics.misc:0.2033225494009622 talk.politics.guns:0.06425586235580502 
../20_newsgroups/talk.politics.mideast/77377 talk.politics.mideast talk.politics.mideast:0.9992958279969273 talk.politics.misc:5.022301198279946E-4 talk.politics.guns:2.0194188324471892E-4 
../20_newsgroups/talk.politics.mideast/77378 talk.politics.mideast talk.politics.mideast:0.9998883619244088 talk.politics.misc:1.0746902306894367E-4 talk.politics.guns:4.169052522406216E-6 
../20_newsgroups/talk.politics.mideast/77379 talk.politics.mideast talk.politics.mideast:0.9999465998634851 talk.politics.misc:5.3014689778914574E-5 talk.politics.guns:3.85446735985483E-7 
../20_newsgroups/talk.politics.mideast/77380 talk.politics.mideast talk.politics.mideast:0.9929779322381973 talk.politics.misc:0.0050469080092153265 talk.politics.guns:0.0019751597525874045 
../20_newsgroups/talk.politics.mideast/77381 talk.politics.mideast talk.politics.mideast:0.9999989510501531 talk.politics.misc:6.369630705118717E-7 talk.politics.guns:4.1198677640443746E-7 
../20_newsgroups/talk.politics.mideast/77382 talk.politics.mideast talk.politics.mideast:0.9999998484187181 talk.politics.misc:1.5141139327315322E-7 talk.politics.guns:1.6988862548879283E-10 
../20_newsgroups/talk.politics.mideast/77383 talk.politics.mideast talk.politics.mideast:0.999935227704238 talk.politics.guns:5.563018489811572E-5 talk.politics.misc:9.142110863931562E-6 
../20_newsgroups/talk.politics.mideast/77384 talk.politics.mideast talk.politics.mideast:0.9961561858763792 talk.politics.misc:0.0038433780971000907 talk.politics.guns:4.3602652055750115E-7 
../20_newsgroups/talk.politics.mideast/77385 talk.politics.mideast talk.politics.mideast:0.980494856454609 talk.politics.guns:0.011860950575263275 talk.politics.misc:0.0076441929701277535 
../20_newsgroups/talk.politics.mideast/77386 talk.politics.mideast talk.politics.mideast:0.9998904874495425 talk.politics.guns:7.215207322337675E-5 talk.politics.misc:3.7360477234200334E-5 
../20_newsgroups/talk.politics.mideast/77387 talk.politics.mideast talk.politics.mideast:0.9999996594576587 talk.politics.misc:3.386421504073232E-7 talk.politics.guns:1.9001909006551586E-9 
../20_newsgroups/talk.politics.mideast/77388 talk.politics.mideast talk.politics.mideast:0.9999175495841366 talk.politics.misc:8.244043850623198E-5 talk.politics.guns:9.977357124880126E-9 
../20_newsgroups/talk.politics.mideast/77389 talk.politics.mideast talk.politics.mideast:0.9999202319416979 talk.politics.misc:7.794882842562777E-5 talk.politics.guns:1.819229876748458E-6 
../20_newsgroups/talk.politics.mideast/77390 talk.politics.mideast talk.politics.mideast:0.9999715759991956 talk.politics.misc:2.825060303524139E-5 talk.politics.guns:1.733977691261786E-7 
../20_newsgroups/talk.politics.mideast/77391 talk.politics.mideast talk.politics.mideast:0.9806314038043634 talk.politics.misc:0.019353836000130787 talk.politics.guns:1.4760195505831865E-5 
../20_newsgroups/talk.politics.mideast/77392 talk.politics.mideast talk.politics.mideast:0.9945658073558366 talk.politics.misc:0.005354061006319777 talk.politics.guns:8.013163784366761E-5 
../20_newsgroups/talk.politics.mideast/77393 talk.politics.mideast talk.politics.mideast:0.9998725319142612 talk.politics.misc:1.2740905770005514E-4 talk.politics.guns:5.902803888997323E-8 
../20_newsgroups/talk.politics.mideast/77394 talk.politics.mideast talk.politics.mideast:0.9999930328433932 talk.politics.misc:6.96019825092104E-6 talk.politics.guns:6.958355787593702E-9 
../20_newsgroups/talk.politics.mideast/77395 talk.politics.mideast talk.politics.mideast:0.9994801740812551 talk.politics.misc:3.290466413920675E-4 talk.politics.guns:1.9077927735294714E-4 
../20_newsgroups/talk.politics.mideast/77396 talk.politics.mideast talk.politics.mideast:0.9733243434730737 talk.politics.misc:0.020485590516175822 talk.politics.guns:0.006190066010750371 
../20_newsgroups/talk.politics.mideast/77397 talk.politics.mideast talk.politics.mideast:0.9999950195401505 talk.politics.misc:4.744387343945333E-6 talk.politics.guns:2.360725057208566E-7 
../20_newsgroups/talk.politics.mideast/77398 talk.politics.mideast talk.politics.mideast:0.9875828630348639 talk.politics.misc:0.01118377471401665 talk.politics.guns:0.0012333622511196255 
../20_newsgroups/talk.politics.mideast/77399 talk.politics.mideast talk.politics.mideast:0.998151912450459 talk.politics.misc:0.0010128975792839496 talk.politics.guns:8.351899702572094E-4 
../20_newsgroups/talk.politics.mideast/77400 talk.politics.mideast talk.politics.mideast:0.9924862704129438 talk.politics.guns:0.007018513642364559 talk.politics.misc:4.952159446915258E-4 
../20_newsgroups/talk.politics.mideast/77401 talk.politics.mideast talk.politics.mideast:0.9981709409368152 talk.politics.misc:0.0018236589539787071 talk.politics.guns:5.400109206116941E-6 
../20_newsgroups/talk.politics.mideast/77803 talk.politics.mideast talk.politics.mideast:0.9926851102506679 talk.politics.misc:0.0073053133535694635 talk.politics.guns:9.57639576261452E-6 
../20_newsgroups/talk.politics.mideast/77804 talk.politics.mideast talk.politics.mideast:0.9997675408178628 talk.politics.misc:2.194313389463423E-4 talk.politics.guns:1.3027843190763904E-5 
../20_newsgroups/talk.politics.mideast/77805 talk.politics.mideast talk.politics.mideast:0.9836961343734888 talk.politics.misc:0.016135868117595358 talk.politics.guns:1.6799750891572217E-4 
../20_newsgroups/talk.politics.mideast/77806 talk.politics.mideast talk.politics.mideast:0.9627039530046378 talk.politics.misc:0.02769354291675965 talk.politics.guns:0.00960250407860264 
../20_newsgroups/talk.politics.mideast/77807 talk.politics.mideast talk.politics.mideast:0.9980573216505619 talk.politics.misc:0.0019373401056770553 talk.politics.guns:5.338243761056809E-6 
../20_newsgroups/talk.politics.mideast/77808 talk.politics.mideast talk.politics.mideast:0.9999436737005893 talk.politics.misc:5.618244922072412E-5 talk.politics.guns:1.4385018974552942E-7 
../20_newsgroups/talk.politics.mideast/77809 talk.politics.mideast talk.politics.mideast:0.9999998427472686 talk.politics.misc:1.5723391790580402E-7 talk.politics.guns:1.881364340292965E-11 
../20_newsgroups/talk.politics.mideast/77810 talk.politics.mideast talk.politics.mideast:0.9948890392147337 talk.politics.misc:0.005110827237162229 talk.politics.guns:1.335481040228922E-7 
../20_newsgroups/talk.politics.mideast/77811 talk.politics.mideast talk.politics.mideast:0.9435100714058721 talk.politics.misc:0.056489899868645374 talk.politics.guns:2.872548268228695E-8 
../20_newsgroups/talk.politics.mideast/77812 talk.politics.mideast talk.politics.mideast:0.9978386195687637 talk.politics.misc:0.002161309349538682 talk.politics.guns:7.108169745401493E-8 
../20_newsgroups/talk.politics.mideast/77813 talk.politics.mideast talk.politics.mideast:0.9725155881948306 talk.politics.misc:0.016409925647726035 talk.politics.guns:0.011074486157443313 
../20_newsgroups/talk.politics.mideast/77814 talk.politics.mideast talk.politics.guns:0.7820892429332595 talk.politics.mideast:0.15588143519317132 talk.politics.misc:0.06202932187356915 
../20_newsgroups/talk.politics.mideast/77815 talk.politics.mideast talk.politics.mideast:0.9561864583578601 talk.politics.misc:0.02957784254095272 talk.politics.guns:0.014235699101187216 
../20_newsgroups/talk.politics.mideast/77816 talk.politics.mideast talk.politics.guns:0.48483146237664226 talk.politics.mideast:0.43437106175410267 talk.politics.misc:0.08079747586925518 
../20_newsgroups/talk.politics.mideast/77817 talk.politics.mideast talk.politics.mideast:0.9991457660257002 talk.politics.misc:8.534456951922375E-4 talk.politics.guns:7.882791078165861E-7 
../20_newsgroups/talk.politics.mideast/77818 talk.politics.mideast talk.politics.mideast:0.941810962263246 talk.politics.guns:0.05011327384698117 talk.politics.misc:0.00807576388977264 
../20_newsgroups/talk.politics.mideast/77819 talk.politics.mideast talk.politics.mideast:0.9882650550521465 talk.politics.guns:0.007645888372223133 talk.politics.misc:0.004089056575630314 
../20_newsgroups/talk.politics.mideast/77820 talk.politics.mideast talk.politics.mideast:0.9655409234655992 talk.politics.misc:0.029646566745916234 talk.politics.guns:0.004812509788484504 
../20_newsgroups/talk.politics.mideast/77821 talk.politics.mideast talk.politics.mideast:0.6908506576860752 talk.politics.misc:0.2170071888214782 talk.politics.guns:0.0921421534924466 
../20_newsgroups/talk.politics.mideast/77822 talk.politics.mideast talk.politics.mideast:0.7147446380426427 talk.politics.misc:0.2789211758140972 talk.politics.guns:0.006334186143260139 
../20_newsgroups/talk.politics.mideast/77823 talk.politics.mideast talk.politics.mideast:0.6925906296013576 talk.politics.misc:0.26260795742642606 talk.politics.guns:0.04480141297221632 
../20_newsgroups/talk.politics.mideast/77850 talk.politics.mideast talk.politics.mideast:0.974673623845545 talk.politics.misc:0.025318998328276898 talk.politics.guns:7.377826178012179E-6 
../20_newsgroups/talk.politics.misc/179017 talk.politics.misc talk.politics.guns:0.9979279838375767 talk.politics.mideast:0.0020436712331698102 talk.politics.misc:2.8344929253349424E-5 
../20_newsgroups/talk.politics.misc/179018 talk.politics.misc talk.politics.misc:0.9999281087379713 talk.politics.mideast:6.986370916410615E-5 talk.politics.guns:2.027552864560293E-6 
../20_newsgroups/talk.politics.misc/179019 talk.politics.misc talk.politics.misc:0.9995318477155566 talk.politics.guns:3.4883305744325664E-4 talk.politics.mideast:1.193192270000888E-4 
../20_newsgroups/talk.politics.misc/179020 talk.politics.misc talk.politics.misc:0.9980103082762463 talk.politics.mideast:0.001570413000596746 talk.politics.guns:4.1927872315705516E-4 
../20_newsgroups/talk.politics.misc/179021 talk.politics.misc talk.politics.misc:0.9754132899515482 talk.politics.guns:0.022311603709122534 talk.politics.mideast:0.002275106339329341 
../20_newsgroups/talk.politics.misc/179022 talk.politics.misc talk.politics.misc:0.9987021724143075 talk.politics.guns:0.0010384348188376233 talk.politics.mideast:2.593927668549872E-4 
../20_newsgroups/talk.politics.misc/179023 talk.politics.misc talk.politics.misc:0.949444673995413 talk.politics.mideast:0.03451206264849526 talk.politics.guns:0.01604326335609169 
../20_newsgroups/talk.politics.misc/179024 talk.politics.misc talk.politics.misc:0.9977512998691472 talk.politics.guns:0.0016134977290633205 talk.politics.mideast:6.352024017895267E-4 
../20_newsgroups/talk.politics.misc/179025 talk.politics.misc talk.politics.guns:0.898921739957655 talk.politics.misc:0.06454508660169828 talk.politics.mideast:0.036533173440646695 
../20_newsgroups/talk.politics.misc/179026 talk.politics.misc talk.politics.misc:0.9618800210259388 talk.politics.mideast:0.038076445704026594 talk.politics.guns:4.353327003460301E-5 
../20_newsgroups/talk.politics.misc/179027 talk.politics.misc talk.politics.misc:0.9981278965920819 talk.politics.mideast:0.0015745041816537548 talk.politics.guns:2.975992262643989E-4 
../20_newsgroups/talk.politics.misc/179028 talk.politics.misc talk.politics.misc:0.6281269687646847 talk.politics.guns:0.3415837743349716 talk.politics.mideast:0.030289256900343786 
../20_newsgroups/talk.politics.misc/179029 talk.politics.misc talk.politics.misc:0.9942008652133092 talk.politics.guns:0.005799133314637449 talk.politics.mideast:1.4720534073095744E-9 
../20_newsgroups/talk.politics.misc/179030 talk.politics.misc talk.politics.misc:0.6092535729388561 talk.politics.guns:0.3907168567928098 talk.politics.mideast:2.957026833413403E-5 
../20_newsgroups/talk.politics.misc/179031 talk.politics.misc talk.politics.misc:0.9999818896196924 talk.politics.guns:1.805293641391793E-5 talk.politics.mideast:5.744389380841815E-8 
