 Raw Testing Data
../../20_newsgroups/sci.crypt/16046 sci.crypt sci.crypt:0.9999676757420691 sci.electronics:2.8719371105704205E-5 sci.space:2.6914244550242858E-6 sci.med:9.134623702202623E-7 
../../20_newsgroups/sci.crypt/16047 sci.crypt sci.crypt:0.903457652188367 sci.med:0.06437545848580813 sci.space:0.027751411883081202 sci.electronics:0.004415477442743672 
../../20_newsgroups/sci.crypt/16048 sci.crypt sci.crypt:0.5246844007114945 sci.med:0.2413105397728631 sci.electronics:0.22156729494744046 sci.space:0.012437764568202008 
../../20_newsgroups/sci.crypt/16049 sci.crypt sci.crypt:0.7937770715729917 sci.electronics:0.07404728736428054 sci.space:0.0714936590279434 sci.med:0.06068198203478437 
../../20_newsgroups/sci.crypt/16050 sci.crypt sci.crypt:0.9999985509122185 sci.electronics:7.513808420081678E-7 sci.med:6.489669185941852E-7 sci.space:4.874002091834673E-8 
../../20_newsgroups/sci.crypt/16051 sci.crypt sci.crypt:0.9999999971946723 sci.med:2.1135096520787805E-9 sci.space:6.91809695014754E-10 sci.electronics:8.528391291172331E-15 
../../20_newsgroups/sci.crypt/16052 sci.crypt sci.crypt:0.9994703765195392 sci.electronics:5.280906643306274E-4 sci.space:1.3579765903970998E-6 sci.med:1.7483953993308733E-7 
../../20_newsgroups/sci.crypt/16053 sci.crypt sci.crypt:0.9991632994454925 sci.electronics:7.473694225763325E-4 sci.space:8.216039045287016E-5 sci.med:7.170741478296938E-6 
../../20_newsgroups/sci.crypt/16054 sci.crypt sci.crypt:0.5067659874477005 sci.electronics:0.3052712055568462 sci.space:0.1623899528044064 sci.med:0.0255728541910468 
../../20_newsgroups/sci.crypt/16055 sci.crypt sci.crypt:0.9999939999366796 sci.electronics:4.6807222099714506E-6 sci.space:7.110443291569807E-7 sci.med:6.082967813055268E-7 
../../20_newsgroups/sci.crypt/16056 sci.crypt sci.crypt:0.9934320036320796 sci.electronics:0.006398828947632132 sci.space:1.05076586648519E-4 sci.med:6.409083363979664E-5 
../../20_newsgroups/sci.crypt/16057 sci.crypt sci.crypt:0.8958299595141609 sci.electronics:0.08375432831053334 sci.space:0.013296825055370623 sci.med:0.00711888711993505 
../../20_newsgroups/sci.crypt/16058 sci.crypt sci.electronics:0.8593500612725782 sci.crypt:0.12525842440821866 sci.space:0.012674116672916631 sci.med:0.002717397646286599 
../../20_newsgroups/sci.crypt/16059 sci.crypt sci.crypt:0.7642439702097169 sci.electronics:0.230087397624484 sci.med:0.004552905102372405 sci.space:0.0011157270634266983 
../../20_newsgroups/sci.crypt/16060 sci.crypt sci.crypt:0.9999649030499634 sci.space:2.784824797188723E-5 sci.med:6.897312064426117E-6 sci.electronics:3.513900001938861E-7 
../../20_newsgroups/sci.crypt/16061 sci.crypt sci.crypt:0.9922374416032838 sci.electronics:0.0039170090750608915 sci.space:0.0034659937165569697 sci.med:3.7955560509828854E-4 
../../20_newsgroups/sci.crypt/16062 sci.crypt sci.crypt:0.6219349930396235 sci.electronics:0.2278906736910517 sci.space:0.08444192467142667 sci.med:0.06573240859789799 
../../20_newsgroups/sci.crypt/16063 sci.crypt sci.electronics:0.8226612691334448 sci.med:0.09919817000357027 sci.crypt:0.04854104839923103 sci.space:0.029599512463754033 
../../20_newsgroups/sci.crypt/16064 sci.crypt sci.electronics:0.6624055788529627 sci.crypt:0.2748026172186644 sci.space:0.04899890245839247 sci.med:0.013792901469980481 
../../20_newsgroups/sci.crypt/16065 sci.crypt sci.crypt:0.9998457289598154 sci.med:7.600431583778613E-5 sci.space:4.519012286451908E-5 sci.electronics:3.307660148240581E-5 
../../20_newsgroups/sci.crypt/16066 sci.crypt sci.crypt:0.9991696251627833 sci.med:5.056953542540897E-4 sci.electronics:1.8808342895584767E-4 sci.space:1.365960540068885E-4 
../../20_newsgroups/sci.crypt/16067 sci.crypt sci.crypt:0.9998103512164863 sci.med:9.492837766584856E-5 sci.electronics:6.825584789303336E-5 sci.space:2.6464557954962688E-5 
../../20_newsgroups/sci.crypt/16068 sci.crypt sci.crypt:0.9999995931967475 sci.space:2.2641520734233058E-7 sci.electronics:1.435167503509323E-7 sci.med:3.687129505219065E-8 
../../20_newsgroups/sci.crypt/16069 sci.crypt sci.crypt:0.9824413206925734 sci.electronics:0.013339414015071953 sci.space:0.0038142603089037067 sci.med:4.050049834511137E-4 
../../20_newsgroups/sci.crypt/16070 sci.crypt sci.crypt:0.9998260409378529 sci.space:1.6085983622838218E-4 sci.med:1.146039169818891E-5 sci.electronics:1.6388342208690072E-6 
../../20_newsgroups/sci.crypt/16071 sci.crypt sci.crypt:0.9999956831802327 sci.electronics:3.1309444289495915E-6 sci.med:9.80262368615545E-7 sci.space:2.0561296973627259E-7 
../../20_newsgroups/sci.crypt/16072 sci.crypt sci.crypt:0.9997419923722304 sci.med:2.2811637019639686E-4 sci.space:2.9411011907065052E-5 sci.electronics:4.802456662852458E-7 
../../20_newsgroups/sci.crypt/16073 sci.crypt sci.crypt:0.9999864914698035 sci.space:7.947919179622428E-6 sci.electronics:4.458988517042647E-6 sci.med:1.1016224999201522E-6 
../../20_newsgroups/sci.crypt/16074 sci.crypt sci.crypt:0.9999999999925084 sci.electronics:7.411778482476902E-12 sci.space:7.839933867083436E-14 sci.med:1.3017732404311723E-15 
../../20_newsgroups/sci.crypt/16075 sci.crypt sci.crypt:0.9999999741042367 sci.electronics:2.5761665819338883E-8 sci.space:1.2028281474008346E-10 sci.med:1.381446290197313E-11 
../../20_newsgroups/sci.crypt/16076 sci.crypt sci.crypt:0.9502685348345828 sci.space:0.04445902858085259 sci.med:0.003296214311976215 sci.electronics:0.001976222272588329 
../../20_newsgroups/sci.crypt/16077 sci.crypt sci.crypt:0.9999999999999996 sci.space:3.925610208477551E-16 sci.med:1.54549275000315E-19 sci.electronics:1.3143171546514147E-21 
../../20_newsgroups/sci.crypt/16078 sci.crypt sci.crypt:0.9999998975946116 sci.med:1.0131181249213792E-7 sci.electronics:9.290861770076469E-10 sci.space:1.6448948703932012E-10 
../../20_newsgroups/sci.crypt/16079 sci.crypt sci.crypt:0.9992678501509015 sci.med:5.649576392380798E-4 sci.electronics:1.0519192821949209E-4 sci.space:6.200028164071298E-5 
../../20_newsgroups/sci.crypt/16080 sci.crypt sci.crypt:0.9836750349294127 sci.space:0.010437025676617195 sci.med:0.004864308388841158 sci.electronics:0.001023631005128973 
../../20_newsgroups/sci.crypt/16081 sci.crypt sci.crypt:0.7698690146005592 sci.space:0.22627439485803022 sci.med:0.003777554861231436 sci.electronics:7.903568017920577E-5 
../../20_newsgroups/sci.crypt/16082 sci.crypt sci.crypt:0.9999997188476017 sci.electronics:2.3548288803926218E-7 sci.space:3.725511732002075E-8 sci.med:8.41439281062229E-9 
../../20_newsgroups/sci.crypt/16083 sci.crypt sci.med:0.8496160648704352 sci.electronics:0.08841189212311872 sci.crypt:0.04321270888119844 sci.space:0.018759334125247787 
../../20_newsgroups/sci.crypt/16084 sci.crypt sci.crypt:0.9999992807210369 sci.space:7.089866025180141E-7 sci.electronics:8.08340821687573E-9 sci.med:2.2089524016653688E-9 
../../20_newsgroups/sci.crypt/16085 sci.crypt sci.crypt:0.9999999996465343 sci.space:3.485589622008647E-10 sci.electronics:4.854623660435583E-12 sci.med:5.2202412080773124E-14 
../../20_newsgroups/sci.crypt/16086 sci.crypt sci.crypt:0.982957327801919 sci.space:0.011912483911533833 sci.electronics:0.0050384045126271905 sci.med:9.178377392020585E-5 
../../20_newsgroups/sci.crypt/16087 sci.crypt sci.crypt:0.9655005469716694 sci.med:0.01969732092947208 sci.space:0.014464336478734647 sci.electronics:3.3779562012377893E-4 
../../20_newsgroups/sci.crypt/16088 sci.crypt sci.med:0.3597619562586977 sci.space:0.2929613432239915 sci.electronics:0.27392805054937186 sci.crypt:0.07334864996793881 
../../20_newsgroups/sci.crypt/16089 sci.crypt sci.crypt:0.9974839765552095 sci.med:0.002504276796082602 sci.space:1.1742982835149299E-5 sci.electronics:3.6658725795993346E-9 
../../20_newsgroups/sci.crypt/16092 sci.crypt sci.crypt:0.9999874842042453 sci.med:9.011462488614096E-6 sci.space:3.3741760354572866E-6 sci.electronics:1.3015723059607795E-7 
../../20_newsgroups/sci.crypt/16101 sci.crypt sci.electronics:0.5577102142722254 sci.med:0.23440150938128268 sci.crypt:0.14509589432063683 sci.space:0.06279238202585517 
../../20_newsgroups/sci.crypt/16102 sci.crypt sci.crypt:0.9887808925000304 sci.med:0.0063552193620665855 sci.space:0.0037683580689649677 sci.electronics:0.0010955300689380644 
../../20_newsgroups/sci.crypt/16105 sci.crypt sci.crypt:0.6750701234330839 sci.med:0.25104554481723473 sci.space:0.05219988101721575 sci.electronics:0.021684450732465527 
../../20_newsgroups/sci.crypt/16115 sci.crypt sci.crypt:0.9992440909527572 sci.space:7.553007573318832E-4 sci.electronics:5.939414445303003E-7 sci.med:1.4348466219161374E-8 
../../20_newsgroups/sci.crypt/16117 sci.crypt sci.crypt:0.9999999998830285 sci.electronics:1.0107593441549102E-10 sci.med:1.3674011205717337E-11 sci.space:2.221469039931703E-12 
../../20_newsgroups/sci.crypt/16118 sci.crypt sci.crypt:0.9999999999999989 sci.med:9.529399412847062E-16 sci.space:1.6019615100192398E-16 sci.electronics:3.07791572208795E-19 
../../20_newsgroups/sci.crypt/16119 sci.crypt sci.crypt:0.9442990523752977 sci.electronics:0.05487093294849945 sci.space:7.213874932328052E-4 sci.med:1.086271829700936E-4 
../../20_newsgroups/sci.crypt/16120 sci.crypt sci.crypt:0.9999999999999878 sci.electronics:1.2134838823241399E-14 sci.med:9.990065625007239E-17 sci.space:7.276596335520042E-17 
../../20_newsgroups/sci.crypt/16121 sci.crypt sci.crypt:0.9999983016625726 sci.space:1.6886979235581312E-6 sci.med:9.639397094034731E-9 sci.electronics:1.0662775407728714E-13 
../../20_newsgroups/sci.crypt/16122 sci.crypt sci.med:0.44341353883541335 sci.crypt:0.4101174781643841 sci.space:0.14620370479202965 sci.electronics:2.652782081728777E-4 
../../20_newsgroups/sci.crypt/16123 sci.crypt sci.crypt:1.0 sci.med:1.4204536510843788E-34 sci.space:2.4005705722438635E-44 sci.electronics:1.748332337073569E-75 
../../20_newsgroups/sci.crypt/16124 sci.crypt sci.crypt:0.9902749284657839 sci.med:0.004566527308542191 sci.space:0.002992468730145219 sci.electronics:0.0021660754955286606 
../../20_newsgroups/sci.crypt/16125 sci.crypt sci.crypt:0.9999999999953779 sci.electronics:4.109755804829768E-12 sci.space:3.4343370498513376E-13 sci.med:1.686763298896342E-13 
../../20_newsgroups/sci.crypt/16126 sci.crypt sci.crypt:0.9999999999994036 sci.space:5.910643786516313E-13 sci.electronics:3.188910143331951E-15 sci.med:2.1181828092998906E-15 
../../20_newsgroups/sci.crypt/16127 sci.crypt sci.crypt:0.9999999998356082 sci.med:1.0877202247328967E-10 sci.electronics:3.008921028699699E-11 sci.space:2.5530530420181414E-11 
../../20_newsgroups/sci.crypt/16128 sci.crypt sci.crypt:0.891008883036113 sci.med:0.050031642269217295 sci.space:0.03952891537560986 sci.electronics:0.019430559319059872 
../../20_newsgroups/sci.crypt/16129 sci.crypt sci.crypt:0.9999974887478801 sci.med:2.374287097719457E-6 sci.space:7.948769191551349E-8 sci.electronics:5.747733019591537E-8 
../../20_newsgroups/sci.crypt/16130 sci.crypt sci.crypt:0.9999985899827959 sci.space:1.0577471645426907E-6 sci.med:3.0888620152868514E-7 sci.electronics:4.3383837984550656E-8 
../../20_newsgroups/sci.crypt/16131 sci.crypt sci.crypt:0.9987514102035354 sci.electronics:9.884096709962217E-4 sci.space:2.0519296126171423E-4 sci.med:5.498716420689631E-5 
../../20_newsgroups/sci.crypt/16132 sci.crypt sci.electronics:0.7761368320293247 sci.crypt:0.17774327652628405 sci.med:0.04400402345637287 sci.space:0.0021158679880184 
../../20_newsgroups/sci.crypt/16133 sci.crypt sci.crypt:0.8860673476117081 sci.space:0.07780910493592168 sci.electronics:0.025466138508898832 sci.med:0.010657408943471326 
../../20_newsgroups/sci.crypt/16134 sci.crypt sci.crypt:0.9952641254675189 sci.space:0.0020581702731880328 sci.med:0.0017095170524718476 sci.electronics:9.681872068211049E-4 
../../20_newsgroups/sci.crypt/16135 sci.crypt sci.crypt:0.9973926499895113 sci.electronics:0.0019123200825264786 sci.med:6.860034317247872E-4 sci.space:9.026496237296395E-6 
../../20_newsgroups/sci.crypt/16136 sci.crypt sci.crypt:0.9974645901367238 sci.electronics:0.001431027735176318 sci.space:0.0010471760460774688 sci.med:5.720608202231709E-5 
../../20_newsgroups/sci.crypt/16137 sci.crypt sci.med:0.9920655532048461 sci.electronics:0.0072984177513149935 sci.crypt:4.940840289622371E-4 sci.space:1.419450148768372E-4 
../../20_newsgroups/sci.crypt/16138 sci.crypt sci.electronics:0.9216516047938472 sci.med:0.06681382530172102 sci.crypt:0.007312276896558668 sci.space:0.0042222930078731945 
../../20_newsgroups/sci.crypt/16139 sci.crypt sci.crypt:0.9970503366121937 sci.space:0.002362712054561959 sci.med:4.630837041919912E-4 sci.electronics:1.238676290525585E-4 
../../20_newsgroups/sci.crypt/16140 sci.crypt sci.crypt:0.996230720060234 sci.electronics:0.003624109825664582 sci.space:9.508323250238635E-5 sci.med:5.008688159886868E-5 
../../20_newsgroups/sci.crypt/16141 sci.crypt sci.med:0.34761207941692196 sci.electronics:0.32507221111861556 sci.space:0.23155039108423137 sci.crypt:0.09576531838023113 
../../20_newsgroups/sci.crypt/16142 sci.crypt sci.crypt:0.9152509698784874 sci.med:0.07316475892850202 sci.electronics:0.00692754773458819 sci.space:0.004656723458422499 
../../20_newsgroups/sci.crypt/16143 sci.crypt sci.crypt:0.8939348515350509 sci.electronics:0.04358320141148525 sci.space:0.034689854050374516 sci.med:0.027792093003089414 
../../20_newsgroups/sci.crypt/16144 sci.crypt sci.crypt:0.9789343120184089 sci.electronics:0.01949568089021009 sci.space:0.0014050275688020915 sci.med:1.6497952257884518E-4 
../../20_newsgroups/sci.crypt/16145 sci.crypt sci.crypt:0.9982486608498324 sci.electronics:0.0016315828589274523 sci.space:1.0718562376821094E-4 sci.med:1.2570667472129796E-5 
../../20_newsgroups/sci.crypt/16146 sci.crypt sci.crypt:0.719249477087067 sci.med:0.22194694709336105 sci.electronics:0.03645760191727596 sci.space:0.022345973902296062 
../../20_newsgroups/sci.crypt/16147 sci.crypt sci.crypt:0.8413730924193022 sci.med:0.1323269202843145 sci.space:0.025813752947800944 sci.electronics:4.862343485821579E-4 
../../20_newsgroups/sci.crypt/16148 sci.crypt sci.crypt:0.9995120799464959 sci.space:4.3792744598400364E-4 sci.med:2.9880954152048812E-5 sci.electronics:2.0111653368038788E-5 
../../20_newsgroups/sci.crypt/16149 sci.crypt sci.crypt:0.985142997039823 sci.electronics:0.009678661550689522 sci.space:0.0031387543225103185 sci.med:0.002039587086977046 
../../20_newsgroups/sci.crypt/16150 sci.crypt sci.crypt:0.7722503427022545 sci.electronics:0.202425201339364 sci.space:0.022244111706695647 sci.med:0.003080344251685858 
../../20_newsgroups/sci.crypt/16151 sci.crypt sci.crypt:0.9774698763636033 sci.electronics:0.013178766876392082 sci.med:0.00774223864496744 sci.space:0.0016091181150370486 
../../20_newsgroups/sci.crypt/16152 sci.crypt sci.crypt:0.9996497659176417 sci.med:3.1446615354503905E-4 sci.electronics:3.255893549760426E-5 sci.space:3.2089933156897115E-6 
../../20_newsgroups/sci.crypt/16165 sci.crypt sci.crypt:0.9999999618707026 sci.space:3.6361643026112385E-8 sci.electronics:1.742299911480422E-9 sci.med:2.5354424958546794E-11 
../../20_newsgroups/sci.crypt/16279 sci.crypt sci.crypt:0.9999999972380937 sci.electronics:2.7580478997038426E-9 sci.med:2.433948085616014E-12 sci.space:1.4241444859526862E-12 
../../20_newsgroups/sci.crypt/16344 sci.crypt sci.crypt:0.4940784072691193 sci.electronics:0.46443325076950276 sci.space:0.02500323424818852 sci.med:0.016485107713189274 
../../20_newsgroups/sci.crypt/16345 sci.crypt sci.crypt:0.9999862542969106 sci.electronics:1.2672567791838323E-5 sci.med:1.072717049130899E-6 sci.space:4.1824862445089497E-10 
../../20_newsgroups/sci.crypt/16347 sci.crypt sci.crypt:0.9997273827667515 sci.space:2.5923015603599597E-4 sci.med:1.1916449857786787E-5 sci.electronics:1.4706273548137226E-6 
../../20_newsgroups/sci.crypt/16348 sci.crypt sci.crypt:0.7930566302059128 sci.electronics:0.10466143277393604 sci.med:0.06284526168258973 sci.space:0.03943667533756163 
../../20_newsgroups/sci.crypt/16351 sci.crypt sci.crypt:0.7235400193276695 sci.electronics:0.21813704686196136 sci.med:0.03909425901370419 sci.space:0.0192286747966648 
../../20_newsgroups/sci.crypt/16352 sci.crypt sci.crypt:0.9999879966585755 sci.med:6.663761079880659E-6 sci.electronics:5.259739754260519E-6 sci.space:7.984059025871786E-8 
../../20_newsgroups/sci.crypt/16353 sci.crypt sci.electronics:0.6310349714813155 sci.med:0.16778954974605542 sci.space:0.13604458266047167 sci.crypt:0.06513089611215743 
../../20_newsgroups/sci.crypt/16354 sci.crypt sci.crypt:0.9999911437904613 sci.electronics:7.228077645993167E-6 sci.space:1.4769635436504722E-6 sci.med:1.5116834907249847E-7 
../../20_newsgroups/sci.crypt/16355 sci.crypt sci.crypt:0.99996654047876 sci.space:2.304346838306937E-5 sci.electronics:9.750780390239466E-6 sci.med:6.652724665951936E-7 
../../20_newsgroups/sci.crypt/16356 sci.crypt sci.crypt:0.9302499502912535 sci.space:0.04546462568004459 sci.med:0.024206011162143264 sci.electronics:7.941286655875636E-5 
../../20_newsgroups/sci.crypt/16357 sci.crypt sci.crypt:0.6000930373815738 sci.space:0.2196905904998633 sci.med:0.13619964060256887 sci.electronics:0.04401673151599412 
../../20_newsgroups/sci.crypt/16358 sci.crypt sci.crypt:0.9999773470157296 sci.space:1.5855437691329516E-5 sci.med:6.642425126801818E-6 sci.electronics:1.5512145243715413E-7 
../../20_newsgroups/sci.crypt/16359 sci.crypt sci.crypt:0.9999997450588899 sci.space:2.548466491808816E-7 sci.electronics:5.028948795465555E-11 sci.med:4.4171262847351844E-11 
../../20_newsgroups/sci.electronics/54283 sci.electronics sci.electronics:0.9271866248845969 sci.space:0.049130047474112974 sci.med:0.012186664967968185 sci.crypt:0.011496662673321998 
../../20_newsgroups/sci.electronics/54284 sci.electronics sci.electronics:0.8581206582416331 sci.crypt:0.059706501365841366 sci.space:0.052708718374513755 sci.med:0.029464122018011733 
../../20_newsgroups/sci.electronics/54285 sci.electronics sci.electronics:0.9988156997284211 sci.crypt:5.271576633521126E-4 sci.med:4.0532384651187576E-4 sci.space:2.5181876171508256E-4 
../../20_newsgroups/sci.electronics/54286 sci.electronics sci.electronics:0.982561451339093 sci.space:0.0074367572213274395 sci.med:0.005274920635366168 sci.crypt:0.004726870804213395 
../../20_newsgroups/sci.electronics/54287 sci.electronics sci.electronics:0.9632655826788145 sci.crypt:0.017199222149618606 sci.space:0.012937256882593572 sci.med:0.006597938288973393 
../../20_newsgroups/sci.electronics/54288 sci.electronics sci.electronics:0.838490782110453 sci.space:0.07605131310360141 sci.med:0.06863835949277647 sci.crypt:0.016819545293169216 
../../20_newsgroups/sci.electronics/54289 sci.electronics sci.electronics:0.8240089348350977 sci.med:0.1449659105993792 sci.crypt:0.019639568811089622 sci.space:0.01138558575443348 
../../20_newsgroups/sci.electronics/54290 sci.electronics sci.electronics:0.9617591521838469 sci.crypt:0.01561943737734427 sci.med:0.013562078944857432 sci.space:0.009059331493951371 
../../20_newsgroups/sci.electronics/54291 sci.electronics sci.electronics:0.9854315107092128 sci.med:0.006056736803000655 sci.crypt:0.005800808785338514 sci.space:0.002710943702448234 
../../20_newsgroups/sci.electronics/54292 sci.electronics sci.electronics:0.9881625197331785 sci.crypt:0.01102680333219223 sci.med:7.000781558949202E-4 sci.space:1.1059877873441177E-4 
../../20_newsgroups/sci.electronics/54293 sci.electronics sci.electronics:0.9978375425061362 sci.crypt:0.002107407187326537 sci.med:4.7202488913250034E-5 sci.space:7.847817624024683E-6 
../../20_newsgroups/sci.electronics/54294 sci.electronics sci.electronics:0.9945273596872607 sci.med:0.003264729600778065 sci.crypt:0.0021548195434781684 sci.space:5.3091168483107176E-5 
../../20_newsgroups/sci.electronics/54295 sci.electronics sci.electronics:0.9988838205360205 sci.crypt:9.368000243098753E-4 sci.med:1.6348456590528288E-4 sci.space:1.5894873764366342E-5 
../../20_newsgroups/sci.electronics/54296 sci.electronics sci.electronics:0.8201996205203167 sci.crypt:0.08569092066849864 sci.med:0.0638742709760756 sci.space:0.030235187835109038 
../../20_newsgroups/sci.electronics/54297 sci.electronics sci.electronics:0.8170944720783576 sci.med:0.12584435029975968 sci.space:0.04151383426285253 sci.crypt:0.015547343359030082 
../../20_newsgroups/sci.electronics/54298 sci.electronics sci.electronics:0.5382632434546315 sci.med:0.2082988818172295 sci.space:0.2082686023436503 sci.crypt:0.04516927238448875 
../../20_newsgroups/sci.electronics/54299 sci.electronics sci.electronics:0.9689467494714167 sci.space:0.01747851109570191 sci.med:0.00795590816486297 sci.crypt:0.005618831268018532 
../../20_newsgroups/sci.electronics/54300 sci.electronics sci.electronics:0.8762180126575159 sci.med:0.11073049128137899 sci.space:0.006914984629257505 sci.crypt:0.006136511431847614 
../../20_newsgroups/sci.electronics/54301 sci.electronics sci.electronics:0.6548755882648347 sci.space:0.2679123485079358 sci.med:0.056013628019629155 sci.crypt:0.02119843520760027 
../../20_newsgroups/sci.electronics/54302 sci.electronics sci.electronics:0.9922009650540098 sci.med:0.005887177498558675 sci.crypt:0.0017808354040905105 sci.space:1.3102204334107973E-4 
../../20_newsgroups/sci.electronics/54303 sci.electronics sci.electronics:0.7623960864742277 sci.med:0.14000450337160847 sci.space:0.08644715237519444 sci.crypt:0.011152257778969285 
../../20_newsgroups/sci.electronics/54304 sci.electronics sci.med:0.815939526393652 sci.space:0.09114778838898997 sci.electronics:0.0526364547945588 sci.crypt:0.04027623042279935 
../../20_newsgroups/sci.electronics/54305 sci.electronics sci.space:0.3676909043575634 sci.electronics:0.3138556257388304 sci.med:0.22872666661431373 sci.crypt:0.08972680328929243 
../../20_newsgroups/sci.electronics/54306 sci.electronics sci.med:0.8462949371939735 sci.crypt:0.1090289935118127 sci.electronics:0.03678389214736345 sci.space:0.00789217714685036 
../../20_newsgroups/sci.electronics/54307 sci.electronics sci.med:0.3281378274752826 sci.crypt:0.30162836147778066 sci.space:0.24469779663601415 sci.electronics:0.12553601441092263 
../../20_newsgroups/sci.electronics/54308 sci.electronics sci.electronics:0.9769490713542746 sci.space:0.016923466402288225 sci.med:0.004435150813321779 sci.crypt:0.0016923114301154022 
../../20_newsgroups/sci.electronics/54309 sci.electronics sci.electronics:0.9779201931512944 sci.space:0.014844847781640262 sci.med:0.005060902721117196 sci.crypt:0.0021740563459482624 
../../20_newsgroups/sci.electronics/54310 sci.electronics sci.electronics:0.966282764511945 sci.med:0.03214933663376419 sci.space:9.307325224667376E-4 sci.crypt:6.371663318241635E-4 
../../20_newsgroups/sci.electronics/54311 sci.electronics sci.electronics:0.5412986430383965 sci.space:0.21143314979700398 sci.crypt:0.17647751135074013 sci.med:0.07079069581385944 
../../20_newsgroups/sci.electronics/54312 sci.electronics sci.electronics:0.9985347571838525 sci.med:0.0013847130002363158 sci.space:7.411992059698443E-5 sci.crypt:6.409895314257549E-6 
../../20_newsgroups/sci.electronics/54313 sci.electronics sci.electronics:0.9999992790784978 sci.crypt:4.7343667825467465E-7 sci.med:2.4185839551286365E-7 sci.space:5.626428340715474E-9 
../../20_newsgroups/sci.electronics/54314 sci.electronics sci.electronics:0.9421627317775139 sci.space:0.04243552481007222 sci.crypt:0.00918241120257662 sci.med:0.006219332209837334 
../../20_newsgroups/sci.electronics/54315 sci.electronics sci.electronics:0.7798719982583895 sci.space:0.21291926800548105 sci.med:0.005258001181893069 sci.crypt:0.0019507325542363798 
../../20_newsgroups/sci.electronics/54316 sci.electronics sci.electronics:0.9565164897119638 sci.med:0.02319582158235753 sci.space:0.01410729006418584 sci.crypt:0.006180398641493085 
../../20_newsgroups/sci.electronics/54317 sci.electronics sci.electronics:0.9448508601793714 sci.med:0.037133084930363665 sci.crypt:0.016612128597645378 sci.space:0.001403926292619652 
../../20_newsgroups/sci.electronics/54318 sci.electronics sci.space:0.8696060042300668 sci.med:0.09673541638198378 sci.crypt:0.032618391428680844 sci.electronics:0.0010401879592686271 
../../20_newsgroups/sci.electronics/54319 sci.electronics sci.electronics:0.3610531579235519 sci.crypt:0.24459061046153852 sci.med:0.20817473113714335 sci.space:0.1861815004777662 
../../20_newsgroups/sci.electronics/54320 sci.electronics sci.electronics:0.6570712369232559 sci.crypt:0.1262639618298871 sci.space:0.12384455177700006 sci.med:0.09282024946985702 
../../20_newsgroups/sci.electronics/54321 sci.electronics sci.electronics:0.7520201926168427 sci.med:0.17731265822524075 sci.space:0.051224349624218846 sci.crypt:0.019442799533697826 
../../20_newsgroups/sci.electronics/54322 sci.electronics sci.space:0.6495179738107572 sci.electronics:0.18178783222959455 sci.crypt:0.11026782269371228 sci.med:0.05842637126593611 
../../20_newsgroups/sci.electronics/54323 sci.electronics sci.med:0.985754208736176 sci.electronics:0.007338703106160851 sci.crypt:0.003804932848393461 sci.space:0.0031021553092696933 
../../20_newsgroups/sci.electronics/54324 sci.electronics sci.electronics:0.5981909060715453 sci.crypt:0.13705277127918464 sci.med:0.13397686584712726 sci.space:0.13077945680214287 
../../20_newsgroups/sci.electronics/54325 sci.electronics sci.electronics:0.9259507584713462 sci.med:0.056265580179877386 sci.crypt:0.01310299813008442 sci.space:0.004680663218692125 
../../20_newsgroups/sci.electronics/54326 sci.electronics sci.space:0.7280104100525536 sci.electronics:0.2664615764804045 sci.crypt:0.0036147251657827318 sci.med:0.0019132883012592042 
../../20_newsgroups/sci.electronics/54327 sci.electronics sci.electronics:0.9895428598830555 sci.med:0.008186322409272574 sci.crypt:0.001839369583631623 sci.space:4.314481240401325E-4 
../../20_newsgroups/sci.electronics/54328 sci.electronics sci.electronics:0.9963951456197576 sci.crypt:0.002818884612373904 sci.med:6.931705453081978E-4 sci.space:9.279922256023847E-5 
../../20_newsgroups/sci.electronics/54329 sci.electronics sci.space:0.6260515613972014 sci.med:0.16385795188684796 sci.electronics:0.12227805009305381 sci.crypt:0.08781243662289677 
../../20_newsgroups/sci.electronics/54330 sci.electronics sci.electronics:0.9997118253535868 sci.crypt:2.8455989214464964E-4 sci.space:3.5390368726693863E-6 sci.med:7.571739587168193E-8 
../../20_newsgroups/sci.electronics/54331 sci.electronics sci.electronics:0.9999962099273947 sci.med:2.486926743006612E-6 sci.crypt:1.0945635451190442E-6 sci.space:2.0858231716954052E-7 
../../20_newsgroups/sci.electronics/54332 sci.electronics sci.med:0.5859409873215025 sci.electronics:0.37810238220259423 sci.crypt:0.02497295683744046 sci.space:0.010983673638462874 
../../20_newsgroups/sci.electronics/54333 sci.electronics sci.electronics:0.905466352701621 sci.med:0.04722844117256314 sci.space:0.02889646800581641 sci.crypt:0.01840873811999972 
../../20_newsgroups/sci.electronics/54334 sci.electronics sci.electronics:0.6901981653836552 sci.med:0.30578312919325595 sci.crypt:0.0035772185724653937 sci.space:4.4148685062347226E-4 
../../20_newsgroups/sci.electronics/54335 sci.electronics sci.electronics:0.8867648645981133 sci.med:0.061146306736781376 sci.crypt:0.035206795841090543 sci.space:0.01688203282401476 
../../20_newsgroups/sci.electronics/54336 sci.electronics sci.electronics:0.9718484277445295 sci.space:0.012735313728224989 sci.med:0.00969292282124443 sci.crypt:0.005723335706000907 
../../20_newsgroups/sci.electronics/54337 sci.electronics sci.electronics:0.5071968115756317 sci.med:0.27607336468478516 sci.space:0.1483769715681544 sci.crypt:0.06835285217142872 
../../20_newsgroups/sci.electronics/54338 sci.electronics sci.med:0.48943153891093116 sci.electronics:0.41025143298259104 sci.space:0.07221180790046686 sci.crypt:0.028105220206010983 
../../20_newsgroups/sci.electronics/54339 sci.electronics sci.electronics:0.8694490642972383 sci.med:0.09070321596081707 sci.space:0.03300753106061201 sci.crypt:0.006840188681332602 
../../20_newsgroups/sci.electronics/54340 sci.electronics sci.electronics:0.9999812598782553 sci.space:8.159584496443361E-6 sci.med:5.657066746213519E-6 sci.crypt:4.923470502130069E-6 
../../20_newsgroups/sci.electronics/54341 sci.electronics sci.electronics:0.9999998790423421 sci.crypt:1.0863688922543752E-7 sci.med:1.1001989337165251E-8 sci.space:1.3187793922087696E-9 
../../20_newsgroups/sci.electronics/54342 sci.electronics sci.electronics:0.9933837089354397 sci.med:0.006156938637618269 sci.crypt:3.3688187704506545E-4 sci.space:1.2247054989684473E-4 
../../20_newsgroups/sci.electronics/54343 sci.electronics sci.electronics:0.9999999831573524 sci.crypt:1.2812055447288485E-8 sci.med:4.002982265229337E-9 sci.space:2.7610021670351865E-11 
../../20_newsgroups/sci.electronics/54344 sci.electronics sci.electronics:0.978398371976554 sci.space:0.021135399199599433 sci.crypt:4.1880365224865893E-4 sci.med:4.742517159802465E-5 
../../20_newsgroups/sci.electronics/54345 sci.electronics sci.electronics:0.9973963127526226 sci.crypt:0.002265585816549296 sci.space:3.3783863190842736E-4 sci.med:2.6279891953186945E-7 
../../20_newsgroups/sci.electronics/54346 sci.electronics sci.electronics:0.7868786402579043 sci.med:0.15142379613063048 sci.space:0.03782435598782353 sci.crypt:0.02387320762364172 
../../20_newsgroups/sci.electronics/54347 sci.electronics sci.electronics:0.9999988302554029 sci.crypt:6.169608102033206E-7 sci.med:5.505846396918942E-7 sci.space:2.1991471797425537E-9 
../../20_newsgroups/sci.electronics/54348 sci.electronics sci.electronics:0.999992568097414 sci.med:6.862954854386247E-6 sci.space:5.607699720100628E-7 sci.crypt:8.177759572169627E-9 
../../20_newsgroups/sci.electronics/54349 sci.electronics sci.electronics:0.8222961813094857 sci.crypt:0.1008734115346497 sci.med:0.06900586869423732 sci.space:0.007824538461627369 
../../20_newsgroups/sci.electronics/54350 sci.electronics sci.space:0.6138580381594811 sci.electronics:0.2349750944329205 sci.crypt:0.08229791607819165 sci.med:0.0688689513294068 
../../20_newsgroups/sci.electronics/54351 sci.electronics sci.electronics:0.7177060323909845 sci.med:0.21721975205927121 sci.crypt:0.03671499465708268 sci.space:0.02835922089266157 
../../20_newsgroups/sci.electronics/54352 sci.electronics sci.electronics:0.9983306786868514 sci.crypt:7.66258759745013E-4 sci.med:5.149621529243426E-4 sci.space:3.8810040047905937E-4 
../../20_newsgroups/sci.electronics/54353 sci.electronics sci.electronics:0.9997684889713475 sci.crypt:2.304838216268549E-4 sci.space:1.0265261728676854E-6 sci.med:6.808529627355696E-10 
../../20_newsgroups/sci.electronics/54473 sci.electronics sci.electronics:0.9998741818965664 sci.crypt:1.2539933303138065E-4 sci.space:3.7770759397974714E-7 sci.med:4.106280816043332E-8 
../../20_newsgroups/sci.electronics/54474 sci.electronics sci.electronics:0.999970750961886 sci.crypt:2.801370952553235E-5 sci.space:1.0694964083415976E-6 sci.med:1.6583217991932402E-7 
../../20_newsgroups/sci.electronics/54477 sci.electronics sci.electronics:0.9703825377042375 sci.crypt:0.02866392499508855 sci.med:8.751313174313037E-4 sci.space:7.840598324256021E-5 
../../20_newsgroups/sci.electronics/54478 sci.electronics sci.electronics:0.8653740597621004 sci.crypt:0.10531211858766623 sci.med:0.0253592004925034 sci.space:0.003954621157729933 
../../20_newsgroups/sci.electronics/54479 sci.electronics sci.electronics:0.4623324752452534 sci.crypt:0.2961974915895652 sci.space:0.1588168505742573 sci.med:0.08265318259092397 
../../20_newsgroups/sci.electronics/54480 sci.electronics sci.electronics:0.8557419253955374 sci.med:0.10340174137734738 sci.crypt:0.03477364270522785 sci.space:0.006082690521887377 
../../20_newsgroups/sci.electronics/54481 sci.electronics sci.electronics:0.9624504573419318 sci.med:0.02335700931593507 sci.crypt:0.01301538490546888 sci.space:0.0011771484366644017 
../../20_newsgroups/sci.electronics/54482 sci.electronics sci.electronics:0.9754002310877559 sci.crypt:0.011403540868514053 sci.space:0.00786549745298165 sci.med:0.005330730590748123 
../../20_newsgroups/sci.electronics/54483 sci.electronics sci.electronics:0.9702129685534566 sci.space:0.013793063472126143 sci.med:0.009364954316435097 sci.crypt:0.006629013657982185 
../../20_newsgroups/sci.electronics/54484 sci.electronics sci.space:0.46183177612098947 sci.electronics:0.3569258917302946 sci.crypt:0.17145406917068198 sci.med:0.009788262978033998 
../../20_newsgroups/sci.electronics/54485 sci.electronics sci.electronics:0.9995669899380227 sci.crypt:3.573226363051673E-4 sci.space:6.081865340766828E-5 sci.med:1.4868772264486948E-5 
../../20_newsgroups/sci.electronics/54486 sci.electronics sci.electronics:0.6411225769900326 sci.med:0.31605113963218023 sci.crypt:0.04165646368970192 sci.space:0.0011698196880853041 
../../20_newsgroups/sci.electronics/54487 sci.electronics sci.electronics:0.9207452486845007 sci.med:0.07536285259881033 sci.space:0.003316240513312727 sci.crypt:5.756582033762501E-4 
../../20_newsgroups/sci.electronics/54488 sci.electronics sci.electronics:0.906253424854884 sci.med:0.09051300043249078 sci.crypt:0.0019237023184052677 sci.space:0.0013098723942198017 
../../20_newsgroups/sci.electronics/54489 sci.electronics sci.electronics:0.9999985333613203 sci.med:8.844839739136434E-7 sci.space:3.705057127170832E-7 sci.crypt:2.1164899317675168E-7 
../../20_newsgroups/sci.electronics/54490 sci.electronics sci.electronics:0.9998960234870337 sci.space:1.0195697919213208E-4 sci.med:1.8486547387795711E-6 sci.crypt:1.7087903533847897E-7 
../../20_newsgroups/sci.electronics/54491 sci.electronics sci.electronics:0.9706056732803051 sci.crypt:0.028266551747995715 sci.med:9.339881878705655E-4 sci.space:1.9378678382856276E-4 
../../20_newsgroups/sci.electronics/54492 sci.electronics sci.crypt:0.8115140692208892 sci.electronics:0.1865717201506865 sci.med:0.0018032331417449075 sci.space:1.109774866793187E-4 
../../20_newsgroups/sci.electronics/54493 sci.electronics sci.electronics:0.9611379475813667 sci.space:0.018189115071898247 sci.crypt:0.013275497194350672 sci.med:0.007397440152384068 
../../20_newsgroups/sci.electronics/54494 sci.electronics sci.electronics:0.9999953812572089 sci.crypt:4.07780127653005E-6 sci.med:4.5168458992138794E-7 sci.space:8.925692472868743E-8 
../../20_newsgroups/sci.electronics/54495 sci.electronics sci.electronics:0.985643790220578 sci.crypt:0.008138730595134175 sci.space:0.005453769618046983 sci.med:7.637095662410359E-4 
../../20_newsgroups/sci.electronics/54496 sci.electronics sci.electronics:0.9936545298810806 sci.crypt:0.006027699668219526 sci.med:2.944515860621311E-4 sci.space:2.331886463785193E-5 
../../20_newsgroups/sci.electronics/54497 sci.electronics sci.electronics:0.6027852049657837 sci.med:0.3937863366509173 sci.space:0.0022549842809306995 sci.crypt:0.001173474102368285 
../../20_newsgroups/sci.electronics/54498 sci.electronics sci.electronics:0.28973889764614535 sci.crypt:0.27047569414717243 sci.space:0.25806319641203157 sci.med:0.18172221179465053 
../../20_newsgroups/sci.electronics/54499 sci.electronics sci.med:0.6822933924741275 sci.electronics:0.27502676517228064 sci.space:0.02414151629732047 sci.crypt:0.01853832605627142 
../../20_newsgroups/sci.electronics/54500 sci.electronics sci.electronics:0.992095698807291 sci.crypt:0.005846373792169615 sci.med:0.001460075114307063 sci.space:5.978522862325386E-4 
../../20_newsgroups/sci.electronics/54501 sci.electronics sci.electronics:0.9995823869177249 sci.crypt:2.5990683076364236E-4 sci.space:1.5353360546227843E-4 sci.med:4.172646049111605E-6 
../../20_newsgroups/sci.electronics/54502 sci.electronics sci.electronics:0.6433812050603339 sci.space:0.28342954426329375 sci.med:0.059053844128983506 sci.crypt:0.014135406547388736 
../../20_newsgroups/sci.electronics/54503 sci.electronics sci.electronics:0.9999938672217463 sci.space:5.946751647715773E-6 sci.med:1.7231063448658746E-7 sci.crypt:1.3715971779780048E-8 
../../20_newsgroups/sci.med/59540 sci.med sci.med:0.7571934635000553 sci.space:0.14333247991565978 sci.crypt:0.06462410208146771 sci.electronics:0.03484995450281713 
../../20_newsgroups/sci.med/59541 sci.med sci.electronics:0.5346665828878794 sci.med:0.44275841472523547 sci.crypt:0.02150651167326618 sci.space:0.0010684907136189745 
../../20_newsgroups/sci.med/59542 sci.med sci.med:0.9972211024291586 sci.space:0.0027782847813151716 sci.crypt:5.94859006187276E-7 sci.electronics:1.7930519831546253E-8 
../../20_newsgroups/sci.med/59543 sci.med sci.med:0.9304936918662562 sci.space:0.05367329289300504 sci.electronics:0.011464314470034105 sci.crypt:0.004368700770704591 
../../20_newsgroups/sci.med/59544 sci.med sci.med:0.9999990693484556 sci.crypt:5.776200782478395E-7 sci.space:3.4994784224915833E-7 sci.electronics:3.083623844555606E-9 
../../20_newsgroups/sci.med/59545 sci.med sci.med:0.8412696339967596 sci.crypt:0.09391063704976758 sci.space:0.03355777547351294 sci.electronics:0.03126195347995988 
../../20_newsgroups/sci.med/59546 sci.med sci.med:0.9999999854729416 sci.crypt:1.303862585956092E-8 sci.space:1.29347005002903E-9 sci.electronics:1.9496252470811432E-10 
../../20_newsgroups/sci.med/59547 sci.med sci.med:0.87129745290097 sci.electronics:0.11875107888766478 sci.space:0.008876760057736938 sci.crypt:0.0010747081536282659 
../../20_newsgroups/sci.med/59548 sci.med sci.med:0.9999999608096544 sci.space:3.918219443399089E-8 sci.crypt:8.145339499063154E-12 sci.electronics:5.807483618983547E-15 
../../20_newsgroups/sci.med/59549 sci.med sci.med:0.9999428527001747 sci.electronics:3.0331108047183445E-5 sci.crypt:1.8148528404386533E-5 sci.space:8.667663373606006E-6 
../../20_newsgroups/sci.med/59550 sci.med sci.med:0.9981749531167771 sci.space:0.0017487279615947522 sci.crypt:7.624198330542499E-5 sci.electronics:7.69383226892541E-8 
../../20_newsgroups/sci.med/59551 sci.med sci.med:0.8669872324427604 sci.crypt:0.06857705053801191 sci.space:0.04372819953405736 sci.electronics:0.020707517485170242 
../../20_newsgroups/sci.med/59552 sci.med sci.electronics:0.596957078910991 sci.med:0.2656223265300534 sci.space:0.10124757251159557 sci.crypt:0.036173022047359935 
../../20_newsgroups/sci.med/59553 sci.med sci.med:0.9999999998127997 sci.crypt:1.0682363079971258E-10 sci.space:5.634965053286237E-11 sci.electronics:2.402699446838795E-11 
../../20_newsgroups/sci.med/59554 sci.med sci.med:1.0 sci.crypt:2.3758195990284066E-46 sci.space:2.524067446888545E-47 sci.electronics:1.0975944401683636E-50 
../../20_newsgroups/sci.med/59555 sci.med sci.med:0.8903650325742535 sci.electronics:0.09082004023880759 sci.crypt:0.012058526527246942 sci.space:0.006756400659691972 
../../20_newsgroups/sci.med/59556 sci.med sci.med:0.9151410458068808 sci.space:0.05275994945268407 sci.electronics:0.020399354939845467 sci.crypt:0.01169964980058977 
../../20_newsgroups/sci.med/59557 sci.med sci.med:0.999992354547781 sci.space:6.4066708232022974E-6 sci.electronics:6.309341392244754E-7 sci.crypt:6.078472563833494E-7 
../../20_newsgroups/sci.med/59558 sci.med sci.med:0.9613050840172112 sci.electronics:0.028113602138398423 sci.space:0.006872891910795998 sci.crypt:0.0037084219335943684 
../../20_newsgroups/sci.med/59559 sci.med sci.med:0.9999989919482403 sci.electronics:6.636493952970781E-7 sci.crypt:2.973616640203387E-7 sci.space:4.704070030536476E-8 
../../20_newsgroups/sci.med/59560 sci.med sci.med:0.9999996828269364 sci.crypt:3.1497974870086536E-7 sci.space:2.1914453154277858E-9 sci.electronics:1.8697533061415306E-12 
../../20_newsgroups/sci.med/59561 sci.med sci.electronics:0.6618891025392465 sci.med:0.26708734678200846 sci.crypt:0.0637712873772257 sci.space:0.007252263301519338 
../../20_newsgroups/sci.med/59562 sci.med sci.electronics:0.6171953753166274 sci.med:0.3568704697724195 sci.crypt:0.016511393019979857 sci.space:0.009422761890973278 
../../20_newsgroups/sci.med/59563 sci.med sci.med:0.9767165960888933 sci.crypt:0.014712197464854769 sci.electronics:0.007713513205010766 sci.space:8.576932412412293E-4 
../../20_newsgroups/sci.med/59564 sci.med sci.med:0.6631529604060776 sci.space:0.1903986489235225 sci.crypt:0.09449424797399256 sci.electronics:0.05195414269640734 
