 Raw Testing Data
file:/home/fxia/dt_NB_data/193_NB/g/expt1/../20_newsgroups/talk.politics.guns/54600 guns guns:0.9995339253905311 misc:4.5924432210972825E-4 mideast:6.830287359215544E-6 
file:/home/fxia/dt_NB_data/193_NB/g/expt1/../20_newsgroups/talk.politics.mideast/76108 mideast misc:0.864663824326158 mideast:0.1351576228723791 guns:1.7855280146302204E-4 
file:/home/fxia/dt_NB_data/193_NB/g/expt1/../20_newsgroups/talk.politics.guns/54141 guns guns:0.9926661419675316 misc:0.007203945786823542 mideast:1.299122456447721E-4 
file:/home/fxia/dt_NB_data/193_NB/g/expt1/../20_newsgroups/talk.politics.misc/178339 misc misc:0.9995754573295699 mideast:3.437755943605873E-4 guns:8.076707606956247E-5 
file:/home/fxia/dt_NB_data/193_NB/g/expt1/../20_newsgroups/talk.politics.mideast/75950 mideast mideast:0.8248559737486048 misc:0.15664295182250879 guns:0.018501074428886623 
file:/home/fxia/dt_NB_data/193_NB/g/expt1/../20_newsgroups/talk.politics.guns/54494 guns guns:0.9997058819165567 mideast:2.783251986435023E-4 misc:1.5792884799865564E-5 
file:/home/fxia/dt_NB_data/193_NB/g/expt1/../20_newsgroups/talk.politics.guns/54158 guns misc:0.9583543976173541 guns:0.04159578703516931 mideast:4.981534747670599E-5 
file:/home/fxia/dt_NB_data/193_NB/g/expt1/../20_newsgroups/talk.politics.misc/178743 misc guns:0.7811940675611848 mideast:0.11771592403426427 misc:0.1010900084045509 
file:/home/fxia/dt_NB_data/193_NB/g/expt1/../20_newsgroups/talk.politics.guns/54830 guns guns:0.9998924074832201 misc:1.0696056046749395E-4 mideast:6.319563124202847E-7 
file:/home/fxia/dt_NB_data/193_NB/g/expt1/../20_newsgroups/talk.politics.mideast/77239 mideast guns:0.5223176281149977 mideast:0.295661868286164 misc:0.18202050359883817 
file:/home/fxia/dt_NB_data/193_NB/g/expt1/../20_newsgroups/talk.politics.misc/176987 misc misc:0.9280307416088348 guns:0.07041421172386815 mideast:0.0015550466672970878 
file:/home/fxia/dt_NB_data/193_NB/g/expt1/../20_newsgroups/talk.politics.guns/55037 guns guns:0.9999027483112344 misc:9.720409586496888E-5 mideast:4.759290052459575E-8 
file:/home/fxia/dt_NB_data/193_NB/g/expt1/../20_newsgroups/talk.politics.guns/54624 guns guns:0.9791474625033205 misc:0.017978132200405044 mideast:0.002874405296274367 
file:/home/fxia/dt_NB_data/193_NB/g/expt1/../20_newsgroups/talk.politics.guns/55040 guns guns:0.9051932067315845 mideast:0.07079377933304268 misc:0.024013013935372682 
file:/home/fxia/dt_NB_data/193_NB/g/expt1/../20_newsgroups/talk.politics.misc/178836 misc guns:0.6901157016353168 misc:0.3072046367024018 mideast:0.002679661662281387 
file:/home/fxia/dt_NB_data/193_NB/g/expt1/../20_newsgroups/talk.politics.mideast/75378 mideast mideast:0.9963670266968025 misc:0.0036329731612857086 guns:1.41911818680325E-10 
file:/home/fxia/dt_NB_data/193_NB/g/expt1/../20_newsgroups/talk.politics.mideast/76035 mideast mideast:0.9999999999999909 misc:8.727078158084903E-15 guns:4.877134405625788E-16 
file:/home/fxia/dt_NB_data/193_NB/g/expt1/../20_newsgroups/talk.politics.misc/178775 misc misc:0.9632665885759231 guns:0.03673341088242914 mideast:5.416477598451684E-10 
file:/home/fxia/dt_NB_data/193_NB/g/expt1/../20_newsgroups/talk.politics.misc/178427 misc misc:0.9998781483406972 guns:8.907879333270311E-5 mideast:3.277286597010293E-5 
file:/home/fxia/dt_NB_data/193_NB/g/expt1/../20_newsgroups/talk.politics.guns/54204 guns guns:0.9999991201466246 misc:8.478645391400434E-7 mideast:3.198883628232507E-8 
file:/home/fxia/dt_NB_data/193_NB/g/expt1/../20_newsgroups/talk.politics.guns/54307 guns misc:0.9393216874100474 guns:0.06061402827805836 mideast:6.42843118941209E-5 
file:/home/fxia/dt_NB_data/193_NB/g/expt1/../20_newsgroups/talk.politics.mideast/75377 mideast misc:0.5254098161395027 guns:0.47187460081185917 mideast:0.0027155830486382485 
file:/home/fxia/dt_NB_data/193_NB/g/expt1/../20_newsgroups/talk.politics.guns/54396 guns guns:0.9695022728436125 misc:0.030436046133828814 mideast:6.168102255877433E-5 
file:/home/fxia/dt_NB_data/193_NB/g/expt1/../20_newsgroups/talk.politics.misc/179089 misc misc:0.9999513486839492 guns:3.0543495578581714E-5 mideast:1.8107820472339223E-5 
file:/home/fxia/dt_NB_data/193_NB/g/expt1/../20_newsgroups/talk.politics.guns/54740 guns guns:0.9943289880697475 misc:0.005265238908967901 mideast:4.057730212846683E-4 
file:/home/fxia/dt_NB_data/193_NB/g/expt1/../20_newsgroups/talk.politics.guns/54621 guns guns:0.9999823417437558 mideast:1.5872312974611698E-5 misc:1.7859432698339788E-6 
file:/home/fxia/dt_NB_data/193_NB/g/expt1/../20_newsgroups/talk.politics.guns/54897 guns guns:0.7880216591936756 misc:0.1934183208292195 mideast:0.018560019977105005 
file:/home/fxia/dt_NB_data/193_NB/g/expt1/../20_newsgroups/talk.politics.guns/54231 guns guns:1.0 misc:9.010947771706679E-21 mideast:1.1168038661007413E-34 
file:/home/fxia/dt_NB_data/193_NB/g/expt1/../20_newsgroups/talk.politics.guns/53303 guns guns:0.9879822112455429 misc:0.01155098519340715 mideast:4.668035610499395E-4 
file:/home/fxia/dt_NB_data/193_NB/g/expt1/../20_newsgroups/talk.politics.misc/178851 misc misc:0.6611350145006923 guns:0.25162474378752897 mideast:0.08724024171177869 
file:/home/fxia/dt_NB_data/193_NB/g/expt1/../20_newsgroups/talk.politics.misc/178302 misc misc:0.9996836834099795 guns:2.640279274551683E-4 mideast:5.22886625653801E-5 
file:/home/fxia/dt_NB_data/193_NB/g/expt1/../20_newsgroups/talk.politics.misc/178654 misc guns:0.9927553776048673 misc:0.007244622395132552 mideast:1.1295956871664578E-19 
file:/home/fxia/dt_NB_data/193_NB/g/expt1/../20_newsgroups/talk.politics.mideast/75883 mideast mideast:0.9999999997706379 guns:1.3027697911060416E-10 misc:9.908508809195026E-11 
file:/home/fxia/dt_NB_data/193_NB/g/expt1/../20_newsgroups/talk.politics.mideast/76109 mideast misc:0.7795681408151228 mideast:0.1502138255796933 guns:0.07021803360518386 
file:/home/fxia/dt_NB_data/193_NB/g/expt1/../20_newsgroups/talk.politics.misc/178645 misc misc:0.9760249280687372 mideast:0.02393403544600733 guns:4.1036485255334584E-5 
file:/home/fxia/dt_NB_data/193_NB/g/expt1/../20_newsgroups/talk.politics.mideast/76385 mideast mideast:0.985136993371923 misc:0.013675562629321646 guns:0.0011874439987553317 
file:/home/fxia/dt_NB_data/193_NB/g/expt1/../20_newsgroups/talk.politics.mideast/76027 mideast mideast:0.5213024071977501 misc:0.47098727840447524 guns:0.007710314397774669 
file:/home/fxia/dt_NB_data/193_NB/g/expt1/../20_newsgroups/talk.politics.guns/54512 guns guns:0.9467925970881225 misc:0.05317118000847457 mideast:3.6222903402945875E-5 
file:/home/fxia/dt_NB_data/193_NB/g/expt1/../20_newsgroups/talk.politics.misc/178589 misc misc:0.9981903119308873 guns:0.0018096820001238165 mideast:6.06898899790694E-9 
file:/home/fxia/dt_NB_data/193_NB/g/expt1/../20_newsgroups/talk.politics.guns/54473 guns guns:0.9960930004865428 misc:0.003670757090763976 mideast:2.3624242269322477E-4 
file:/home/fxia/dt_NB_data/193_NB/g/expt1/../20_newsgroups/talk.politics.guns/54650 guns guns:0.9988589305160165 misc:0.0010454426962131429 mideast:9.562678777022893E-5 
file:/home/fxia/dt_NB_data/193_NB/g/expt1/../20_newsgroups/talk.politics.mideast/77351 mideast mideast:0.9999999842791256 misc:1.572087443315695E-8 guns:5.711026260312678E-19 
file:/home/fxia/dt_NB_data/193_NB/g/expt1/../20_newsgroups/talk.politics.misc/178429 misc misc:0.9008416996096921 guns:0.09894741973547193 mideast:2.1088065483591074E-4 
file:/home/fxia/dt_NB_data/193_NB/g/expt1/../20_newsgroups/talk.politics.mideast/76154 mideast mideast:0.9999999998036482 misc:1.9635149775005065E-10 guns:1.871946947858469E-16 
file:/home/fxia/dt_NB_data/193_NB/g/expt1/../20_newsgroups/talk.politics.guns/53298 guns guns:0.8872651978951432 misc:0.0731216010066679 mideast:0.03961320109818899 
file:/home/fxia/dt_NB_data/193_NB/g/expt1/../20_newsgroups/talk.politics.guns/54168 guns guns:0.9999999999809279 misc:1.9071761223918846E-11 mideast:1.2819335459606183E-16 
file:/home/fxia/dt_NB_data/193_NB/g/expt1/../20_newsgroups/talk.politics.mideast/76306 mideast mideast:0.9999113139567215 guns:5.0562774581148016E-5 misc:3.812326869742845E-5 
file:/home/fxia/dt_NB_data/193_NB/g/expt1/../20_newsgroups/talk.politics.mideast/76433 mideast mideast:0.9757512104830443 misc:0.0234613451960619 guns:7.874443208937984E-4 
file:/home/fxia/dt_NB_data/193_NB/g/expt1/../20_newsgroups/talk.politics.mideast/76047 mideast mideast:1.0 misc:5.62924104402167E-22 guns:3.376311344861161E-30 
file:/home/fxia/dt_NB_data/193_NB/g/expt1/../20_newsgroups/talk.politics.mideast/77287 mideast mideast:0.9999712021584272 guns:2.226061340246421E-5 misc:6.537228170447888E-6 
file:/home/fxia/dt_NB_data/193_NB/g/expt1/../20_newsgroups/talk.politics.guns/54472 guns guns:0.958235982232692 misc:0.04149960673821704 mideast:2.6441102909091526E-4 
file:/home/fxia/dt_NB_data/193_NB/g/expt1/../20_newsgroups/talk.politics.guns/53345 guns guns:0.8569310058861354 misc:0.14237932973947773 mideast:6.896643743870873E-4 
file:/home/fxia/dt_NB_data/193_NB/g/expt1/../20_newsgroups/talk.politics.guns/54243 guns guns:0.9726478873146663 misc:0.026941739649132587 mideast:4.103730362010235E-4 
file:/home/fxia/dt_NB_data/193_NB/g/expt1/../20_newsgroups/talk.politics.misc/178940 misc mideast:0.360478711565915 misc:0.3516966263787564 guns:0.28782466205532864 
file:/home/fxia/dt_NB_data/193_NB/g/expt1/../20_newsgroups/talk.politics.guns/54365 guns misc:0.9874404048717713 guns:0.012480764051015421 mideast:7.883107721320864E-5 
file:/home/fxia/dt_NB_data/193_NB/g/expt1/../20_newsgroups/talk.politics.misc/178651 misc misc:0.9998314578543337 guns:1.6837134391176192E-4 mideast:1.7080175460797937E-7 
file:/home/fxia/dt_NB_data/193_NB/g/expt1/../20_newsgroups/talk.politics.mideast/77211 mideast mideast:0.9999999179364557 misc:8.203109752028936E-8 guns:3.244673768547863E-11 
file:/home/fxia/dt_NB_data/193_NB/g/expt1/../20_newsgroups/talk.politics.misc/179088 misc misc:0.9998577360561093 guns:1.4226345166872773E-4 mideast:4.922219725145384E-10 
file:/home/fxia/dt_NB_data/193_NB/g/expt1/../20_newsgroups/talk.politics.misc/176935 misc misc:0.9931159861773418 guns:0.006577797362969888 mideast:3.06216459688298E-4 
file:/home/fxia/dt_NB_data/193_NB/g/expt1/../20_newsgroups/talk.politics.misc/178379 misc misc:0.5866969219230656 guns:0.38629276324729733 mideast:0.02701031482963708 
file:/home/fxia/dt_NB_data/193_NB/g/expt1/../20_newsgroups/talk.politics.guns/55086 guns guns:0.9999999996997893 misc:3.002102852759653E-10 mideast:3.6244089828874895E-16 
file:/home/fxia/dt_NB_data/193_NB/g/expt1/../20_newsgroups/talk.politics.misc/178808 misc misc:0.9779055067985293 guns:0.01246882708447233 mideast:0.009625666116998326 
file:/home/fxia/dt_NB_data/193_NB/g/expt1/../20_newsgroups/talk.politics.mideast/76372 mideast mideast:0.9049259109824694 misc:0.05186093492084105 guns:0.04321315409668952 
file:/home/fxia/dt_NB_data/193_NB/g/expt1/../20_newsgroups/talk.politics.mideast/75401 mideast mideast:0.9999700280389023 misc:2.9971961078599118E-5 guns:1.9095185552458065E-14 
file:/home/fxia/dt_NB_data/193_NB/g/expt1/../20_newsgroups/talk.politics.mideast/77331 mideast mideast:0.9999948412769969 misc:5.158719711263892E-6 guns:3.2918955686618804E-12 
file:/home/fxia/dt_NB_data/193_NB/g/expt1/../20_newsgroups/talk.politics.guns/54503 guns guns:0.9999300487621388 misc:4.748236176177938E-5 mideast:2.2468876099594356E-5 
file:/home/fxia/dt_NB_data/193_NB/g/expt1/../20_newsgroups/talk.politics.misc/178919 misc mideast:0.4854754546261307 guns:0.39617623940705854 misc:0.11834830596681092 
file:/home/fxia/dt_NB_data/193_NB/g/expt1/../20_newsgroups/talk.politics.mideast/77370 mideast mideast:0.995731150563811 misc:0.004268849436189132 guns:2.562142537095616E-19 
file:/home/fxia/dt_NB_data/193_NB/g/expt1/../20_newsgroups/talk.politics.mideast/77397 mideast mideast:0.9999999999999989 misc:1.204786112101819E-15 guns:1.8012752319292668E-25 
file:/home/fxia/dt_NB_data/193_NB/g/expt1/../20_newsgroups/talk.politics.mideast/76062 mideast mideast:0.9971071109188402 guns:0.0019300538665212113 misc:9.628352146386894E-4 
file:/home/fxia/dt_NB_data/193_NB/g/expt1/../20_newsgroups/talk.politics.mideast/76132 mideast mideast:0.9788169354689152 misc:0.021183038269650074 guns:2.6261434787980294E-8 
file:/home/fxia/dt_NB_data/193_NB/g/expt1/../20_newsgroups/talk.politics.mideast/76080 mideast mideast:0.9998164024386144 misc:1.835953413890363E-4 guns:2.2199965776957803E-9 
file:/home/fxia/dt_NB_data/193_NB/g/expt1/../20_newsgroups/talk.politics.mideast/75927 mideast mideast:0.999999989252181 misc:1.0714013912498418E-8 guns:3.380500016286617E-11 
file:/home/fxia/dt_NB_data/193_NB/g/expt1/../20_newsgroups/talk.politics.guns/54882 guns guns:0.9970814606340627 misc:0.002917545485382516 mideast:9.9388055462323E-7 
file:/home/fxia/dt_NB_data/193_NB/g/expt1/../20_newsgroups/talk.politics.misc/178500 misc misc:0.999764272421446 mideast:2.3572586520793684E-4 guns:1.7133459831549011E-9 
file:/home/fxia/dt_NB_data/193_NB/g/expt1/../20_newsgroups/talk.politics.misc/176870 misc guns:0.7107815307408285 misc:0.289188189076831 mideast:3.0280182340593984E-5 
file:/home/fxia/dt_NB_data/193_NB/g/expt1/../20_newsgroups/talk.politics.mideast/76568 mideast mideast:0.9999365418104683 misc:3.862972283507041E-5 guns:2.4828466696564397E-5 
file:/home/fxia/dt_NB_data/193_NB/g/expt1/../20_newsgroups/talk.politics.guns/54878 guns guns:0.9997657918942117 misc:2.3420281260565177E-4 mideast:5.293182784795087E-9 
file:/home/fxia/dt_NB_data/193_NB/g/expt1/../20_newsgroups/talk.politics.guns/55109 guns guns:0.9387121620536819 misc:0.06124288389368606 mideast:4.4954052631978566E-5 
file:/home/fxia/dt_NB_data/193_NB/g/expt1/../20_newsgroups/talk.politics.misc/178781 misc guns:0.9866884575869477 misc:0.013311484436939986 mideast:5.797611219875241E-8 
file:/home/fxia/dt_NB_data/193_NB/g/expt1/../20_newsgroups/talk.politics.misc/178772 misc misc:0.9999063339941334 guns:5.4992312298505E-5 mideast:3.867369356809937E-5 
file:/home/fxia/dt_NB_data/193_NB/g/expt1/../20_newsgroups/talk.politics.guns/54444 guns guns:0.9999997382040818 misc:2.5964640033445465E-7 mideast:2.1495176907228343E-9 
file:/home/fxia/dt_NB_data/193_NB/g/expt1/../20_newsgroups/talk.politics.guns/55249 guns guns:0.999999999997629 misc:2.3709930478390314E-12 mideast:1.27822953753904E-19 
file:/home/fxia/dt_NB_data/193_NB/g/expt1/../20_newsgroups/talk.politics.misc/176957 misc misc:0.9999994669167442 guns:4.524983596003968E-7 mideast:8.058489623349834E-8 
file:/home/fxia/dt_NB_data/193_NB/g/expt1/../20_newsgroups/talk.politics.misc/178961 misc misc:0.9906781927310453 mideast:0.006711492198731471 guns:0.0026103150702231994 
file:/home/fxia/dt_NB_data/193_NB/g/expt1/../20_newsgroups/talk.politics.misc/178672 misc misc:1.0 guns:2.574903738772903E-20 mideast:3.6834267032571476E-25 
file:/home/fxia/dt_NB_data/193_NB/g/expt1/../20_newsgroups/talk.politics.guns/54942 guns misc:0.8851386740585215 guns:0.09125421688899026 mideast:0.023607109052488234 
file:/home/fxia/dt_NB_data/193_NB/g/expt1/../20_newsgroups/talk.politics.mideast/76227 mideast mideast:0.921084711529935 misc:0.07337649308697505 guns:0.005538795383089919 
file:/home/fxia/dt_NB_data/193_NB/g/expt1/../20_newsgroups/talk.politics.guns/55038 guns guns:0.9915648210393959 misc:0.008435161477513187 mideast:1.74830908697545E-8 
file:/home/fxia/dt_NB_data/193_NB/g/expt1/../20_newsgroups/talk.politics.mideast/75415 mideast misc:0.9975162703949365 mideast:0.002483728610648383 guns:9.944151533108283E-10 
file:/home/fxia/dt_NB_data/193_NB/g/expt1/../20_newsgroups/talk.politics.guns/54891 guns guns:0.9972603846031266 misc:0.002739569879251221 mideast:4.5517622075676375E-8 
file:/home/fxia/dt_NB_data/193_NB/g/expt1/../20_newsgroups/talk.politics.misc/179116 misc misc:0.9999062954918433 guns:9.337578171659573E-5 mideast:3.287264400966323E-7 
file:/home/fxia/dt_NB_data/193_NB/g/expt1/../20_newsgroups/talk.politics.guns/55070 guns guns:0.9808623364854298 misc:0.018199138976199097 mideast:9.385245383711508E-4 
file:/home/fxia/dt_NB_data/193_NB/g/expt1/../20_newsgroups/talk.politics.misc/178642 misc guns:0.9607777215663983 misc:0.019828894248972866 mideast:0.019393384184628767 
file:/home/fxia/dt_NB_data/193_NB/g/expt1/../20_newsgroups/talk.politics.mideast/76095 mideast mideast:0.9999998653787455 misc:1.3462081452214778E-7 guns:4.3993120893132273E-13 
file:/home/fxia/dt_NB_data/193_NB/g/expt1/../20_newsgroups/talk.politics.misc/178372 misc misc:0.9607982662254049 guns:0.03455807560842002 mideast:0.004643658166175233 
file:/home/fxia/dt_NB_data/193_NB/g/expt1/../20_newsgroups/talk.politics.mideast/75374 mideast misc:0.8958892445334992 mideast:0.10409536404294126 guns:1.5391423559497018E-5 
file:/home/fxia/dt_NB_data/193_NB/g/expt1/../20_newsgroups/talk.politics.misc/176852 misc misc:0.8639989984372398 mideast:0.13544694942384616 guns:5.54052138914067E-4 
file:/home/fxia/dt_NB_data/193_NB/g/expt1/../20_newsgroups/talk.politics.guns/54453 guns guns:0.9999999999996627 misc:3.369659218407963E-13 mideast:1.8515417317042382E-16 
file:/home/fxia/dt_NB_data/193_NB/g/expt1/../20_newsgroups/talk.politics.mideast/77344 mideast mideast:0.999984536111066 misc:1.5461428791048593E-5 guns:2.4601430540622508E-9 
file:/home/fxia/dt_NB_data/193_NB/g/expt1/../20_newsgroups/talk.politics.mideast/77195 mideast mideast:1.0 misc:5.73925097967187E-25 guns:5.277461334214586E-36 
file:/home/fxia/dt_NB_data/193_NB/g/expt1/../20_newsgroups/talk.politics.guns/54282 guns guns:0.9663652157072175 misc:0.03358648398289153 mideast:4.830030989096153E-5 
file:/home/fxia/dt_NB_data/193_NB/g/expt1/../20_newsgroups/talk.politics.guns/54387 guns guns:1.0 misc:1.1909083033268628E-23 mideast:1.463686533533073E-32 
file:/home/fxia/dt_NB_data/193_NB/g/expt1/../20_newsgroups/talk.politics.guns/54536 guns guns:0.933691058036406 mideast:0.04556315771364838 misc:0.020745784249945803 
file:/home/fxia/dt_NB_data/193_NB/g/expt1/../20_newsgroups/talk.politics.mideast/76203 mideast mideast:0.9999999999486973 misc:5.130275736033187E-11 guns:5.594642221645665E-19 
file:/home/fxia/dt_NB_data/193_NB/g/expt1/../20_newsgroups/talk.politics.guns/54234 guns guns:0.9999151517882531 misc:6.592893791794198E-5 mideast:1.8919273829131228E-5 
file:/home/fxia/dt_NB_data/193_NB/g/expt1/../20_newsgroups/talk.politics.guns/54410 guns guns:0.8759374150511936 misc:0.10886532578025959 mideast:0.015197259168546775 
file:/home/fxia/dt_NB_data/193_NB/g/expt1/../20_newsgroups/talk.politics.misc/178509 misc misc:0.999999743463493 guns:2.3727799266329015E-7 mideast:1.9258514433774173E-8 
file:/home/fxia/dt_NB_data/193_NB/g/expt1/../20_newsgroups/talk.politics.mideast/76397 mideast mideast:0.999994945442424 misc:4.744096814716239E-6 guns:3.104607612963159E-7 
file:/home/fxia/dt_NB_data/193_NB/g/expt1/../20_newsgroups/talk.politics.misc/178536 misc misc:0.999833007173692 mideast:1.3979996813119863E-4 guns:2.7192858176824576E-5 
file:/home/fxia/dt_NB_data/193_NB/g/expt1/../20_newsgroups/talk.politics.guns/54426 guns guns:0.9780013106236032 misc:0.019378879293509454 mideast:0.0026198100828873252 
file:/home/fxia/dt_NB_data/193_NB/g/expt1/../20_newsgroups/talk.politics.guns/54753 guns guns:0.991647374701434 mideast:0.005074710934113479 misc:0.003277914364452491 
file:/home/fxia/dt_NB_data/193_NB/g/expt1/../20_newsgroups/talk.politics.guns/54384 guns guns:0.9999631467646063 misc:3.682821101323568E-5 mideast:2.5024380485119722E-8 
file:/home/fxia/dt_NB_data/193_NB/g/expt1/../20_newsgroups/talk.politics.mideast/75939 mideast misc:0.9996296163556498 mideast:3.701772326879629E-4 guns:2.064116622402894E-7 
file:/home/fxia/dt_NB_data/193_NB/g/expt1/../20_newsgroups/talk.politics.mideast/76382 mideast mideast:0.9998118122043185 misc:1.7224318511347686E-4 guns:1.5944610568003347E-5 
file:/home/fxia/dt_NB_data/193_NB/g/expt1/../20_newsgroups/talk.politics.misc/178878 misc misc:0.9999999999763245 guns:2.3654693774798817E-11 mideast:2.0857791854372335E-14 
file:/home/fxia/dt_NB_data/193_NB/g/expt1/../20_newsgroups/talk.politics.guns/55469 guns guns:0.96311609390232 misc:0.03682973567074804 mideast:5.417042693196928E-5 
file:/home/fxia/dt_NB_data/193_NB/g/expt1/../20_newsgroups/talk.politics.guns/54630 guns guns:0.6546752255289064 misc:0.34528438945178724 mideast:4.038501930635848E-5 
file:/home/fxia/dt_NB_data/193_NB/g/expt1/../20_newsgroups/talk.politics.mideast/76411 mideast mideast:0.9702139271879867 misc:0.026434565037006856 guns:0.003351507775006243 
file:/home/fxia/dt_NB_data/193_NB/g/expt1/../20_newsgroups/talk.politics.guns/54206 guns guns:0.9984218350762613 mideast:0.0015056261433032928 misc:7.253878043562658E-5 
file:/home/fxia/dt_NB_data/193_NB/g/expt1/../20_newsgroups/talk.politics.misc/177024 misc guns:0.39197370822659006 mideast:0.3468043719189292 misc:0.26122191985448073 
file:/home/fxia/dt_NB_data/193_NB/g/expt1/../20_newsgroups/talk.politics.mideast/75983 mideast mideast:0.9999847489056181 misc:1.1956678262859979E-5 guns:3.2944161190230303E-6 
file:/home/fxia/dt_NB_data/193_NB/g/expt1/../20_newsgroups/talk.politics.mideast/77315 mideast mideast:1.0 misc:4.347540487466123E-26 guns:1.5847921527160394E-33 
file:/home/fxia/dt_NB_data/193_NB/g/expt1/../20_newsgroups/talk.politics.misc/178682 misc misc:0.9110216092714224 guns:0.08879358206282266 mideast:1.8480866575496728E-4 
file:/home/fxia/dt_NB_data/193_NB/g/expt1/../20_newsgroups/talk.politics.mideast/75896 mideast mideast:0.9999996435933372 misc:3.557855252874393E-7 guns:6.211375264257127E-10 
file:/home/fxia/dt_NB_data/193_NB/g/expt1/../20_newsgroups/talk.politics.guns/54754 guns guns:0.70877869299434 misc:0.28860330373022547 mideast:0.002618003275434468 
file:/home/fxia/dt_NB_data/193_NB/g/expt1/../20_newsgroups/talk.politics.mideast/76210 mideast mideast:0.9872303349032739 misc:0.006928541030603103 guns:0.005841124066122854 
file:/home/fxia/dt_NB_data/193_NB/g/expt1/../20_newsgroups/talk.politics.mideast/76045 mideast mideast:0.9999942273141401 misc:5.7725930265274986E-6 guns:9.283344422277974E-11 
file:/home/fxia/dt_NB_data/193_NB/g/expt1/../20_newsgroups/talk.politics.guns/54561 guns guns:0.9777825526330457 misc:0.02221744724267997 mideast:1.2427438328236837E-10 
file:/home/fxia/dt_NB_data/193_NB/g/expt1/../20_newsgroups/talk.politics.mideast/76236 mideast mideast:0.9865065181363444 misc:0.008356627797534587 guns:0.005136854066121069 
file:/home/fxia/dt_NB_data/193_NB/g/expt1/../20_newsgroups/talk.politics.mideast/76389 mideast mideast:0.999924893982905 misc:6.794069542724745E-5 guns:7.165321667947165E-6 
file:/home/fxia/dt_NB_data/193_NB/g/expt1/../20_newsgroups/talk.politics.misc/178660 misc misc:0.8623798805312776 guns:0.1375651713942812 mideast:5.494807444122671E-5 
file:/home/fxia/dt_NB_data/193_NB/g/expt1/../20_newsgroups/talk.politics.misc/178335 misc guns:0.9994840424571217 misc:5.159316918618849E-4 mideast:2.5851016507728128E-8 
file:/home/fxia/dt_NB_data/193_NB/g/expt1/../20_newsgroups/talk.politics.guns/54233 guns guns:0.9974293715337345 misc:0.00194511980680549 mideast:6.255086594601223E-4 
file:/home/fxia/dt_NB_data/193_NB/g/expt1/../20_newsgroups/talk.politics.guns/54370 guns misc:0.9879943331955325 guns:0.011954638579899734 mideast:5.102822456770751E-5 
file:/home/fxia/dt_NB_data/193_NB/g/expt1/../20_newsgroups/talk.politics.misc/178363 misc misc:0.9921155832922582 guns:0.004792195097772542 mideast:0.0030922216099692193 
file:/home/fxia/dt_NB_data/193_NB/g/expt1/../20_newsgroups/talk.politics.guns/54821 guns guns:0.9967452290906297 misc:0.0032479388579708997 mideast:6.832051399344726E-6 
file:/home/fxia/dt_NB_data/193_NB/g/expt1/../20_newsgroups/talk.politics.misc/178480 misc guns:0.5496358663605607 misc:0.4503423160726169 mideast:2.1817566822504597E-5 
file:/home/fxia/dt_NB_data/193_NB/g/expt1/../20_newsgroups/talk.politics.mideast/76147 mideast mideast:0.9930611848449119 misc:0.006382687049366882 guns:5.561281057211102E-4 
file:/home/fxia/dt_NB_data/193_NB/g/expt1/../20_newsgroups/talk.politics.mideast/76394 mideast mideast:0.5852950049537697 guns:0.2313653427764132 misc:0.1833396522698171 
file:/home/fxia/dt_NB_data/193_NB/g/expt1/../20_newsgroups/talk.politics.misc/178734 misc misc:0.9095972176086579 guns:0.08979977768030113 mideast:6.030047110409087E-4 
file:/home/fxia/dt_NB_data/193_NB/g/expt1/../20_newsgroups/talk.politics.guns/54386 guns guns:0.9999354333759773 misc:6.45588671216568E-5 mideast:7.75690102985799E-9 
file:/home/fxia/dt_NB_data/193_NB/g/expt1/../20_newsgroups/talk.politics.guns/54682 guns guns:0.9708971280442213 misc:0.026460633337750675 mideast:0.002642238618027791 
file:/home/fxia/dt_NB_data/193_NB/g/expt1/../20_newsgroups/talk.politics.misc/178694 misc misc:0.9999999819817963 guns:1.7996330552684515E-8 mideast:2.187317862196832E-11 
file:/home/fxia/dt_NB_data/193_NB/g/expt1/../20_newsgroups/talk.politics.guns/54421 guns guns:0.8828534832147746 misc:0.11714270022529435 mideast:3.81655993090191E-6 
file:/home/fxia/dt_NB_data/193_NB/g/expt1/../20_newsgroups/talk.politics.guns/54727 guns guns:0.9807314728218514 misc:0.019268521807857934 mideast:5.370290839859E-9 
file:/home/fxia/dt_NB_data/193_NB/g/expt1/../20_newsgroups/talk.politics.mideast/75403 mideast mideast:0.999453552466614 misc:5.148114469738207E-4 guns:3.1636086412006944E-5 
file:/home/fxia/dt_NB_data/193_NB/g/expt1/../20_newsgroups/talk.politics.misc/179071 misc misc:0.9999749840681746 guns:2.4667866117048168E-5 mideast:3.48065708360882E-7 
file:/home/fxia/dt_NB_data/193_NB/g/expt1/../20_newsgroups/talk.politics.misc/178498 misc misc:0.9999291299543868 guns:7.040641031351567E-5 mideast:4.63635299729624E-7 
file:/home/fxia/dt_NB_data/193_NB/g/expt1/../20_newsgroups/talk.politics.misc/178377 misc misc:0.9959439657161923 mideast:0.003668047250108663 guns:3.879870336991742E-4 
file:/home/fxia/dt_NB_data/193_NB/g/expt1/../20_newsgroups/talk.politics.mideast/76214 mideast mideast:0.9527488866699947 misc:0.045284035368248356 guns:0.0019670779617568996 
file:/home/fxia/dt_NB_data/193_NB/g/expt1/../20_newsgroups/talk.politics.mideast/76134 mideast mideast:0.7073504906549358 misc:0.20040969493684352 guns:0.09223981440822067 
file:/home/fxia/dt_NB_data/193_NB/g/expt1/../20_newsgroups/talk.politics.misc/178634 misc misc:0.9979423718598959 mideast:0.0011997634806636553 guns:8.578646594403923E-4 
file:/home/fxia/dt_NB_data/193_NB/g/expt1/../20_newsgroups/talk.politics.misc/178316 misc misc:0.9999648115690964 guns:3.447025657849676E-5 mideast:7.181743251646517E-7 
file:/home/fxia/dt_NB_data/193_NB/g/expt1/../20_newsgroups/talk.politics.guns/53320 guns guns:0.9997184894213943 mideast:2.494052774898793E-4 misc:3.210530111564535E-5 
file:/home/fxia/dt_NB_data/193_NB/g/expt1/../20_newsgroups/talk.politics.misc/176983 misc mideast:0.9311384121188226 guns:0.05309127346932802 misc:0.015770314411849472 
file:/home/fxia/dt_NB_data/193_NB/g/expt1/../20_newsgroups/talk.politics.mideast/76328 mideast mideast:0.9999999904419247 misc:8.901841030680695E-9 guns:6.562344215321124E-10 
file:/home/fxia/dt_NB_data/193_NB/g/expt1/../20_newsgroups/talk.politics.guns/55069 guns misc:0.7844989850241709 guns:0.2155010145855989 mideast:3.9023008402164895E-10 
file:/home/fxia/dt_NB_data/193_NB/g/expt1/../20_newsgroups/talk.politics.guns/53335 guns guns:0.9087760189656696 misc:0.09023730409771039 mideast:9.866769366200783E-4 
file:/home/fxia/dt_NB_data/193_NB/g/expt1/../20_newsgroups/talk.politics.guns/54873 guns guns:0.9683160865878445 misc:0.03166818604672919 mideast:1.5727365426312454E-5 
file:/home/fxia/dt_NB_data/193_NB/g/expt1/../20_newsgroups/talk.politics.mideast/75904 mideast mideast:0.9999999990925243 misc:9.074514371530857E-10 guns:2.4128285000023006E-14 
file:/home/fxia/dt_NB_data/193_NB/g/expt1/../20_newsgroups/talk.politics.guns/55262 guns guns:0.9894677608948999 misc:0.010492053155317302 mideast:4.018594978281916E-5 
file:/home/fxia/dt_NB_data/193_NB/g/expt1/../20_newsgroups/talk.politics.mideast/76480 mideast mideast:0.9919698046611116 guns:0.00566768222197134 misc:0.0023625131169169415 
file:/home/fxia/dt_NB_data/193_NB/g/expt1/../20_newsgroups/talk.politics.guns/54138 guns guns:0.9959684320899267 misc:0.003770313154280995 mideast:2.6125475579220523E-4 
file:/home/fxia/dt_NB_data/193_NB/g/expt1/../20_newsgroups/talk.politics.mideast/76301 mideast mideast:0.9995177082772134 misc:4.7997203131918065E-4 guns:2.319691467208369E-6 
file:/home/fxia/dt_NB_data/193_NB/g/expt1/../20_newsgroups/talk.politics.misc/178972 misc misc:0.9998417293591986 mideast:1.3720871102533943E-4 guns:2.1061929776114695E-5 
file:/home/fxia/dt_NB_data/193_NB/g/expt1/../20_newsgroups/talk.politics.misc/178482 misc misc:0.7901725412461201 guns:0.17528113661373818 mideast:0.034546322140141646 
file:/home/fxia/dt_NB_data/193_NB/g/expt1/../20_newsgroups/talk.politics.guns/54528 guns guns:0.9859600319074863 misc:0.012709376037335744 mideast:0.001330592055178025 
file:/home/fxia/dt_NB_data/193_NB/g/expt1/../20_newsgroups/talk.politics.misc/179070 misc misc:0.9915699556905813 guns:0.008398862988926312 mideast:3.118132049252398E-5 
file:/home/fxia/dt_NB_data/193_NB/g/expt1/../20_newsgroups/talk.politics.misc/179021 misc misc:0.9961614427256226 mideast:0.003197701914184064 guns:6.408553601933429E-4 
file:/home/fxia/dt_NB_data/193_NB/g/expt1/../20_newsgroups/talk.politics.guns/54708 guns guns:0.9997725009498646 misc:2.274983931066894E-4 mideast:6.570287429544402E-10 
file:/home/fxia/dt_NB_data/193_NB/g/expt1/../20_newsgroups/talk.politics.guns/54241 guns guns:0.9999605638462435 misc:3.94086211091141E-5 mideast:2.7532647536516842E-8 
file:/home/fxia/dt_NB_data/193_NB/g/expt1/../20_newsgroups/talk.politics.misc/178826 misc misc:0.9959005196296381 guns:0.003939802668099538 mideast:1.596777022624429E-4 
file:/home/fxia/dt_NB_data/193_NB/g/expt1/../20_newsgroups/talk.politics.mideast/76340 mideast mideast:0.9966853107316965 guns:0.002458866738379358 misc:8.558225299240027E-4 
file:/home/fxia/dt_NB_data/193_NB/g/expt1/../20_newsgroups/talk.politics.misc/178867 misc misc:0.6607176247282162 guns:0.3017682015561009 mideast:0.037514173715682976 
file:/home/fxia/dt_NB_data/193_NB/g/expt1/../20_newsgroups/talk.politics.guns/54287 guns guns:0.6007537561005719 misc:0.38025744465725625 mideast:0.018988799242171867 
file:/home/fxia/dt_NB_data/193_NB/g/expt1/../20_newsgroups/talk.politics.mideast/75935 mideast misc:0.9926178998297893 mideast:0.007381821314418961 guns:2.788557917791764E-7 
file:/home/fxia/dt_NB_data/193_NB/g/expt1/../20_newsgroups/talk.politics.misc/178559 misc misc:0.9999999674255247 guns:2.944500957556841E-8 mideast:3.129465919566844E-9 
file:/home/fxia/dt_NB_data/193_NB/g/expt1/../20_newsgroups/talk.politics.guns/55073 guns guns:0.6148294901593061 misc:0.384739714596673 mideast:4.3079524402090704E-4 
file:/home/fxia/dt_NB_data/193_NB/g/expt1/../20_newsgroups/talk.politics.misc/178677 misc guns:0.7264112383477532 misc:0.2463096955925469 mideast:0.027279066059699944 
file:/home/fxia/dt_NB_data/193_NB/g/expt1/../20_newsgroups/talk.politics.guns/54120 guns guns:0.9999999999866307 misc:1.3368325971336346E-11 mideast:9.693638139798407E-16 
file:/home/fxia/dt_NB_data/193_NB/g/expt1/../20_newsgroups/talk.politics.mideast/77285 mideast mideast:0.9988187628499435 misc:0.0011650603016213268 guns:1.6176848435000294E-5 
file:/home/fxia/dt_NB_data/193_NB/g/expt1/../20_newsgroups/talk.politics.misc/178492 misc misc:0.9999999999788458 mideast:1.3711452269171643E-11 guns:7.442643522695052E-12 
file:/home/fxia/dt_NB_data/193_NB/g/expt1/../20_newsgroups/talk.politics.misc/178423 misc misc:0.5059067111773415 guns:0.4147275240961215 mideast:0.0793657647265369 
file:/home/fxia/dt_NB_data/193_NB/g/expt1/../20_newsgroups/talk.politics.mideast/76512 mideast mideast:0.9999999999999996 misc:2.1860964175050743E-16 guns:2.144837941846851E-16 
file:/home/fxia/dt_NB_data/193_NB/g/expt1/../20_newsgroups/talk.politics.guns/54256 guns guns:0.9951284621364678 misc:0.0026044336784939183 mideast:0.0022671041850383694 
file:/home/fxia/dt_NB_data/193_NB/g/expt1/../20_newsgroups/talk.politics.guns/55276 guns guns:0.9800289476221571 mideast:0.015407432499013673 misc:0.004563619878829134 
file:/home/fxia/dt_NB_data/193_NB/g/expt1/../20_newsgroups/talk.politics.misc/179023 misc misc:0.9616016625121314 guns:0.037658029148391385 mideast:7.403083394771562E-4 
file:/home/fxia/dt_NB_data/193_NB/g/expt1/../20_newsgroups/talk.politics.misc/176857 misc guns:0.44759486499913326 misc:0.41134027350841446 mideast:0.14106486149245243 
file:/home/fxia/dt_NB_data/193_NB/g/expt1/../20_newsgroups/talk.politics.guns/54475 guns guns:0.9994216136314252 misc:5.432366618165846E-4 mideast:3.5149706758205716E-5 
file:/home/fxia/dt_NB_data/193_NB/g/expt1/../20_newsgroups/talk.politics.misc/176885 misc misc:0.651510030958396 guns:0.3478205624070519 mideast:6.694066345521382E-4 
file:/home/fxia/dt_NB_data/193_NB/g/expt1/../20_newsgroups/talk.politics.guns/55266 guns misc:0.9991673083238659 guns:8.326913114760483E-4 mideast:3.646580307787143E-10 
file:/home/fxia/dt_NB_data/193_NB/g/expt1/../20_newsgroups/talk.politics.guns/54612 guns guns:0.9988912730425021 misc:9.9555123867913E-4 mideast:1.131757188188035E-4 
file:/home/fxia/dt_NB_data/193_NB/g/expt1/../20_newsgroups/talk.politics.misc/176945 misc misc:0.9999999946000111 mideast:4.995790330891214E-9 guns:4.041986496449491E-10 
file:/home/fxia/dt_NB_data/193_NB/g/expt1/../20_newsgroups/talk.politics.misc/176846 misc misc:0.9994906143455768 mideast:4.8689392808592686E-4 guns:2.249172633719301E-5 
file:/home/fxia/dt_NB_data/193_NB/g/expt1/../20_newsgroups/talk.politics.mideast/76159 mideast mideast:1.0 misc:2.941464440048687E-19 guns:2.2625699803020474E-26 
file:/home/fxia/dt_NB_data/193_NB/g/expt1/../20_newsgroups/talk.politics.mideast/75388 mideast misc:0.9848623887911782 mideast:0.015094137442282407 guns:4.347376653939993E-5 
file:/home/fxia/dt_NB_data/193_NB/g/expt1/../20_newsgroups/talk.politics.mideast/76058 mideast mideast:0.9999993681595913 misc:6.318022976266648E-7 guns:3.811097957310546E-11 
file:/home/fxia/dt_NB_data/193_NB/g/expt1/../20_newsgroups/talk.politics.guns/54723 guns guns:0.9910970540816346 misc:0.008728989547440289 mideast:1.739563709251972E-4 
file:/home/fxia/dt_NB_data/193_NB/g/expt1/../20_newsgroups/talk.politics.mideast/76515 mideast mideast:0.9999999999999085 misc:9.140221830272166E-14 guns:6.922207860517521E-17 
file:/home/fxia/dt_NB_data/193_NB/g/expt1/../20_newsgroups/talk.politics.guns/54505 guns guns:0.9999996367445313 misc:3.6325546840009396E-7 mideast:4.195292078676982E-16 
file:/home/fxia/dt_NB_data/193_NB/g/expt1/../20_newsgroups/talk.politics.mideast/77192 mideast mideast:0.9999999698846311 misc:3.0115291081051265E-8 guns:7.763610410304714E-14 
file:/home/fxia/dt_NB_data/193_NB/g/expt1/../20_newsgroups/talk.politics.guns/54126 guns guns:0.9850853313434276 misc:0.014549682584020044 mideast:3.649860725524997E-4 
file:/home/fxia/dt_NB_data/193_NB/g/expt1/../20_newsgroups/talk.politics.misc/178756 misc misc:0.9785843726864402 guns:0.013503687408746077 mideast:0.007911939904813715 
file:/home/fxia/dt_NB_data/193_NB/g/expt1/../20_newsgroups/talk.politics.guns/54841 guns guns:0.9087759885354935 mideast:0.04618791421596118 misc:0.04503609724854542 
file:/home/fxia/dt_NB_data/193_NB/g/expt1/../20_newsgroups/talk.politics.misc/178393 misc misc:0.9131796470547627 guns:0.08534736876453693 mideast:0.0014729841807003645 
file:/home/fxia/dt_NB_data/193_NB/g/expt1/../20_newsgroups/talk.politics.mideast/75993 mideast mideast:1.0 misc:1.9197508496285783E-25 guns:8.294510129413423E-32 
file:/home/fxia/dt_NB_data/193_NB/g/expt1/../20_newsgroups/talk.politics.mideast/76075 mideast mideast:0.9999999907682614 guns:6.5296362142151644E-9 misc:2.702102575706123E-9 
file:/home/fxia/dt_NB_data/193_NB/g/expt1/../20_newsgroups/talk.politics.guns/54285 guns guns:0.9978615402418366 mideast:0.0021215736626968747 misc:1.6886095466407326E-5 
file:/home/fxia/dt_NB_data/193_NB/g/expt1/../20_newsgroups/talk.politics.mideast/77290 mideast mideast:0.9999846905057167 guns:1.3270325876611833E-5 misc:2.0391684067741947E-6 
file:/home/fxia/dt_NB_data/193_NB/g/expt1/../20_newsgroups/talk.politics.guns/53365 guns guns:0.9418395632052923 misc:0.05757125972551953 mideast:5.891770691882964E-4 
file:/home/fxia/dt_NB_data/193_NB/g/expt1/../20_newsgroups/talk.politics.mideast/75959 mideast misc:0.7195426035026762 mideast:0.20659337394774638 guns:0.07386402254957741 
file:/home/fxia/dt_NB_data/193_NB/g/expt1/../20_newsgroups/talk.politics.guns/54392 guns misc:0.9988920045915779 guns:0.0011079954081777603 mideast:2.442315336906675E-13 
file:/home/fxia/dt_NB_data/193_NB/g/expt1/../20_newsgroups/talk.politics.mideast/76188 mideast mideast:0.9999982700866797 misc:1.7283833691612596E-6 guns:1.5299510223407918E-9 
file:/home/fxia/dt_NB_data/193_NB/g/expt1/../20_newsgroups/talk.politics.mideast/77810 mideast mideast:0.999999993096585 misc:6.9001736896089965E-9 guns:3.24116079337474E-12 
file:/home/fxia/dt_NB_data/193_NB/g/expt1/../20_newsgroups/talk.politics.mideast/76465 mideast mideast:1.0 misc:2.675137727144975E-20 guns:2.4192209446557914E-32 
file:/home/fxia/dt_NB_data/193_NB/g/expt1/../20_newsgroups/talk.politics.guns/53338 guns guns:0.9976195628530451 misc:0.0017425084180413889 mideast:6.379287289136386E-4 
file:/home/fxia/dt_NB_data/193_NB/g/expt1/../20_newsgroups/talk.politics.misc/178745 misc misc:0.9999155136608677 guns:4.430849706680868E-5 mideast:4.017784206552398E-5 
file:/home/fxia/dt_NB_data/193_NB/g/expt1/../20_newsgroups/talk.politics.guns/54906 guns guns:0.9932370528343719 misc:0.006441019537298256 mideast:3.2192762832992456E-4 
file:/home/fxia/dt_NB_data/193_NB/g/expt1/../20_newsgroups/talk.politics.misc/178639 misc misc:0.999999999654863 guns:3.4513692356101475E-10 mideast:1.4544537391637454E-17 
file:/home/fxia/dt_NB_data/193_NB/g/expt1/../20_newsgroups/talk.politics.guns/54831 guns guns:0.9989770572807998 mideast:8.026552864234961E-4 misc:2.2028743277672223E-4 
file:/home/fxia/dt_NB_data/193_NB/g/expt1/../20_newsgroups/talk.politics.guns/54668 guns guns:0.9866615077282043 misc:0.01333420745596838 mideast:4.284815827406989E-6 
file:/home/fxia/dt_NB_data/193_NB/g/expt1/../20_newsgroups/talk.politics.misc/176906 misc misc:0.9944030178920663 mideast:0.005122664332495027 guns:4.743177754385093E-4 
file:/home/fxia/dt_NB_data/193_NB/g/expt1/../20_newsgroups/talk.politics.mideast/77313 mideast mideast:0.9999999999971365 guns:1.4992372130093772E-12 misc:1.3642544453086027E-12 
file:/home/fxia/dt_NB_data/193_NB/g/expt1/../20_newsgroups/talk.politics.mideast/76346 mideast mideast:0.9999999999999971 misc:2.915254008772634E-15 guns:4.0614262778109265E-18 
file:/home/fxia/dt_NB_data/193_NB/g/expt1/../20_newsgroups/talk.politics.misc/176941 misc misc:0.9999999999999993 guns:7.396365940652474E-16 mideast:4.143591266175973E-18 
file:/home/fxia/dt_NB_data/193_NB/g/expt1/../20_newsgroups/talk.politics.misc/178534 misc misc:0.9997841961786461 guns:1.97102856244189E-4 mideast:1.870096510974599E-5 
file:/home/fxia/dt_NB_data/193_NB/g/expt1/../20_newsgroups/talk.politics.misc/178421 misc mideast:0.9291770020211021 misc:0.06994515183357017 guns:8.778461453277892E-4 
file:/home/fxia/dt_NB_data/193_NB/g/expt1/../20_newsgroups/talk.politics.mideast/76124 mideast mideast:0.7664688418065291 guns:0.23353115006424296 misc:8.129228075976734E-9 
file:/home/fxia/dt_NB_data/193_NB/g/expt1/../20_newsgroups/talk.politics.misc/178782 misc misc:0.9685542779093493 guns:0.03141043082561571 mideast:3.5291265034930625E-5 
file:/home/fxia/dt_NB_data/193_NB/g/expt1/../20_newsgroups/talk.politics.guns/54455 guns guns:0.9987070893869089 misc:0.001160403014713283 mideast:1.3250759837779693E-4 
file:/home/fxia/dt_NB_data/193_NB/g/expt1/../20_newsgroups/talk.politics.guns/55083 guns guns:0.6317769108657784 misc:0.3122434761136172 mideast:0.05597961302060454 
file:/home/fxia/dt_NB_data/193_NB/g/expt1/../20_newsgroups/talk.politics.misc/176953 misc misc:0.9999789767519391 guns:2.1022724457571156E-5 mideast:5.236033674814568E-10 
file:/home/fxia/dt_NB_data/193_NB/g/expt1/../20_newsgroups/talk.politics.guns/55258 guns guns:0.9999999959289698 misc:2.86514153704161E-9 mideast:1.2058888146249055E-9 
