 Raw Testing Data
16046 sci.crypt sci.crypt:0.9999514053237181 sci.electronics:4.53946520901379E-5 sci.space:2.4823110422481374E-6 sci.med:7.177131495471854E-7 
16047 sci.crypt sci.crypt:0.9119642451157209 sci.med:0.05500755967037738 sci.space:0.028747027375876616 sci.electronics:0.004281167838025259 
16048 sci.crypt sci.crypt:0.5066492912631619 sci.med:0.24928955372109618 sci.electronics:0.22997199799041612 sci.space:0.014089157025325707 
16049 sci.crypt sci.crypt:0.7965047496595743 sci.electronics:0.07433990397315084 sci.space:0.07305457093046283 sci.med:0.05610077543681203 
16050 sci.crypt sci.crypt:0.9999979753028199 sci.electronics:1.1085997358819263E-6 sci.med:8.641137619252456E-7 sci.space:5.1983682142214227E-8 
16051 sci.crypt sci.crypt:0.9999999961839778 sci.med:2.8975520860528982E-9 sci.space:9.184551799725753E-10 sci.electronics:1.4897150720355906E-14 
16052 sci.crypt sci.crypt:0.9993165361705544 sci.electronics:6.815564864218624E-4 sci.space:1.678778441997335E-6 sci.med:2.28564581818591E-7 
16053 sci.crypt sci.crypt:0.9988517686158682 sci.electronics:0.0010387184233770891 sci.space:1.0234898824909428E-4 sci.med:7.163972505725389E-6 
16054 sci.crypt sci.crypt:0.48839550067275667 sci.electronics:0.3491451830734132 sci.space:0.1378953917494773 sci.med:0.024563924504352835 
16055 sci.crypt sci.crypt:0.9999929262272083 sci.electronics:5.433203354090189E-6 sci.med:8.379072309120399E-7 sci.space:8.026622067653534E-7 
16056 sci.crypt sci.crypt:0.9916958845027698 sci.electronics:0.008107442565262015 sci.space:1.2354111432129732E-4 sci.med:7.313181764701863E-5 
16057 sci.crypt sci.crypt:0.8699950317205185 sci.electronics:0.10684484356793846 sci.space:0.014810849126460352 sci.med:0.008349275585082618 
16058 sci.crypt sci.electronics:0.8968958706174477 sci.crypt:0.0861958574567099 sci.space:0.013972477664508919 sci.med:0.002935794261333427 
16059 sci.crypt sci.crypt:0.7493468259021927 sci.electronics:0.24510725431979785 sci.med:0.00456101755164804 sci.space:9.849022263613842E-4 
16060 sci.crypt sci.crypt:0.9999638101443865 sci.space:2.696733879648982E-5 sci.med:8.91447459643123E-6 sci.electronics:3.0804222034607956E-7 
16061 sci.crypt sci.crypt:0.9907087810374466 sci.electronics:0.004680809734971804 sci.space:0.0042122945101091425 sci.med:3.9811471747246314E-4 
16062 sci.crypt sci.crypt:0.6018024210249499 sci.electronics:0.25027121346684716 sci.space:0.08537564388141336 sci.med:0.0625507216267897 
16063 sci.crypt sci.electronics:0.8225859320867298 sci.med:0.09633339192007061 sci.crypt:0.04941928144807082 sci.space:0.031661394545128785 
16064 sci.crypt sci.electronics:0.7050023080243314 sci.crypt:0.23922590041654426 sci.space:0.044369826331821405 sci.med:0.011401965227302911 
16065 sci.crypt sci.crypt:0.999849142038937 sci.med:6.946037237084494E-5 sci.space:4.793965394503181E-5 sci.electronics:3.345793474712961E-5 
16066 sci.crypt sci.crypt:0.999321315220092 sci.med:3.6878251977861415E-4 sci.electronics:1.6896241129545975E-4 sci.space:1.4093984883383357E-4 
16067 sci.crypt sci.crypt:0.9997715150759954 sci.med:1.2356600790342073E-4 sci.electronics:7.532388632147601E-5 sci.space:2.9595029779800486E-5 
16068 sci.crypt sci.crypt:0.9999995007751984 sci.electronics:2.293822871277889E-7 sci.space:2.196681827565043E-7 sci.med:5.017433162499499E-8 
16069 sci.crypt sci.crypt:0.9709559259765393 sci.electronics:0.024175612192789745 sci.space:0.004281465136531432 sci.med:5.869966941395033E-4 
16070 sci.crypt sci.crypt:0.9998063019030267 sci.space:1.7487168773855092E-4 sci.med:1.6558313886813415E-5 sci.electronics:2.2680953477637405E-6 
16071 sci.crypt sci.crypt:0.9999938197927598 sci.electronics:4.493538872905476E-6 sci.med:1.5023592011678323E-6 sci.space:1.8430916619562573E-7 
16072 sci.crypt sci.crypt:0.9997568629075666 sci.med:2.1745007716989282E-4 sci.space:2.525226343424855E-5 sci.electronics:4.347518293811172E-7 
16073 sci.crypt sci.crypt:0.9999856300881599 sci.space:8.797179353234742E-6 sci.electronics:4.198348575372883E-6 sci.med:1.37438391178833E-6 
16074 sci.crypt sci.crypt:0.9999999999872842 sci.electronics:1.2652235241332508E-11 sci.space:6.207616463244166E-14 sci.med:1.275924201437623E-15 
16075 sci.crypt sci.crypt:0.9999999480399795 sci.electronics:5.18072841406605E-8 sci.space:1.3202526255983473E-10 sci.med:2.0710884696986024E-11 
16076 sci.crypt sci.crypt:0.9522644100010329 sci.space:0.041151445999800355 sci.med:0.003827585007800902 sci.electronics:0.002756558991365682 
16077 sci.crypt sci.crypt:0.9999999999999998 sci.space:3.3271194623147896E-16 sci.med:1.63149520173056E-19 sci.electronics:2.183528989179854E-21 
16078 sci.crypt sci.crypt:0.9999998873796141 sci.med:1.1148302146755466E-7 sci.electronics:9.481835370381741E-10 sci.space:1.8918081038843585E-10 
16079 sci.crypt sci.crypt:0.9993749575087243 sci.med:4.496481625779059E-4 sci.electronics:1.201251087116043E-4 sci.space:5.5269219986077507E-5 
16080 sci.crypt sci.crypt:0.9842290982750828 sci.space:0.010072966965313495 sci.med:0.004628044878823277 sci.electronics:0.0010698898807804315 
16081 sci.crypt sci.crypt:0.7434862966546115 sci.space:0.25124581532763235 sci.med:0.005158715393232411 sci.electronics:1.0917262452370622E-4 
16082 sci.crypt sci.crypt:0.9999996742879584 sci.electronics:2.7699292419003604E-7 sci.space:3.810739242233659E-8 sci.med:1.061172516402861E-8 
16083 sci.crypt sci.med:0.8390978608594802 sci.electronics:0.09553661776601412 sci.crypt:0.04463313771719337 sci.space:0.02073238365731243 
16084 sci.crypt sci.crypt:0.9999994141430995 sci.space:5.751736839030255E-7 sci.electronics:8.492838081138242E-9 sci.med:2.1903786007335367E-9 
16085 sci.crypt sci.crypt:0.999999999607228 sci.space:3.853109136931701E-10 sci.electronics:7.367003789668792E-12 sci.med:9.415823278768264E-14 
16086 sci.crypt sci.crypt:0.978940321478517 sci.space:0.014202651096692463 sci.electronics:0.006740082296514222 sci.med:1.1694512827638364E-4 
16087 sci.crypt sci.crypt:0.9689733820732434 sci.med:0.01742602969409898 sci.space:0.013280184121380748 sci.electronics:3.204041112769094E-4 
16088 sci.crypt sci.med:0.3447790016483979 sci.space:0.31262592768046393 sci.electronics:0.25981471491871255 sci.crypt:0.08278035575242557 
16089 sci.crypt sci.crypt:0.9947738064336116 sci.med:0.005206453741333879 sci.space:1.9735709871781013E-5 sci.electronics:4.1151826692678616E-9 
16092 sci.crypt sci.crypt:0.9999877246247985 sci.med:8.646451729816706E-6 sci.space:3.5042274563128274E-6 sci.electronics:1.2469601548216527E-7 
16101 sci.crypt sci.electronics:0.5858286754260579 sci.med:0.204863549514092 sci.crypt:0.1400078854394181 sci.space:0.06929988962043195 
16102 sci.crypt sci.crypt:0.9870784616315098 sci.med:0.007264021893521371 sci.space:0.004496693855939801 sci.electronics:0.0011608226190290018 
16105 sci.crypt sci.crypt:0.6446703623169031 sci.med:0.2635703023763247 sci.space:0.07021556732535127 sci.electronics:0.021543767981420853 
16115 sci.crypt sci.crypt:0.999253445195811 sci.space:7.452682634984195E-4 sci.electronics:1.2576130215104345E-6 sci.med:2.8927669213969476E-8 
16117 sci.crypt sci.crypt:0.9999999998803437 sci.electronics:1.0565575736901624E-10 sci.med:1.2141054317644815E-11 sci.space:1.8596434548907966E-12 
16118 sci.crypt sci.crypt:0.9999999999999987 sci.med:1.170241304678023E-15 sci.space:2.0187695385660279E-16 sci.electronics:3.215246590227172E-19 
16119 sci.crypt sci.crypt:0.9085523044143746 sci.electronics:0.09063690201305574 sci.space:6.631677872717073E-4 sci.med:1.4762578529789653E-4 
16120 sci.crypt sci.crypt:0.9999999999999825 sci.electronics:1.722799159557308E-14 sci.med:1.169505360074589E-16 sci.space:6.792375759724802E-17 
16121 sci.crypt sci.crypt:0.9999938343050998 sci.space:6.097660724779281E-6 sci.med:6.803379513325249E-8 sci.electronics:3.8024388419812206E-13 
16122 sci.crypt sci.med:0.4280851991137673 sci.crypt:0.4253921390733115 sci.space:0.14624922398582546 sci.electronics:2.7343782709568384E-4 
16123 sci.crypt sci.crypt:1.0 sci.med:9.528245421835435E-33 sci.space:5.954243981743028E-44 sci.electronics:8.863265797677353E-75 
16124 sci.crypt sci.crypt:0.9893432198001098 sci.med:0.004736867510366703 sci.space:0.0036509304699549674 sci.electronics:0.002268982219568438 
16125 sci.crypt sci.crypt:0.9999999999872151 sci.electronics:1.213813384077593E-11 sci.space:3.6785872749450206E-13 sci.med:2.7897449152147364E-13 
16126 sci.crypt sci.crypt:0.9999999999994411 sci.space:5.528347985076302E-13 sci.electronics:3.832547721055459E-15 sci.med:2.2909381629491727E-15 
16127 sci.crypt sci.crypt:0.9999999997420757 sci.med:1.8385334512879585E-10 sci.space:4.283571925504932E-11 sci.electronics:3.123522782299384E-11 
16128 sci.crypt sci.crypt:0.8712470832137832 sci.med:0.06301671550560546 sci.space:0.04442535777772706 sci.electronics:0.02131084350288443 
16129 sci.crypt sci.crypt:0.9999977026161189 sci.med:2.1790124216274217E-6 sci.space:6.736632136394804E-8 sci.electronics:5.100513820973374E-8 
16130 sci.crypt sci.crypt:0.9999979641945163 sci.space:1.6332615148193812E-6 sci.med:3.5901509938394887E-7 sci.electronics:4.3528869629633835E-8 
16131 sci.crypt sci.crypt:0.9983117368164877 sci.electronics:0.0013366044462058291 sci.space:2.8515285417310415E-4 sci.med:6.650588313339339E-5 
16132 sci.crypt sci.electronics:0.7933070901688233 sci.crypt:0.16144301171862563 sci.med:0.04277378490124099 sci.space:0.002476113211309939 
16133 sci.crypt sci.crypt:0.8897068580364333 sci.space:0.07090160002666446 sci.electronics:0.030932545624723994 sci.med:0.008458996312178108 
16134 sci.crypt sci.crypt:0.9941544114413149 sci.space:0.002698601011614213 sci.med:0.001967921311170173 sci.electronics:0.0011790662359007387 
16135 sci.crypt sci.crypt:0.9965032189472585 sci.electronics:0.0022788953095663074 sci.med:0.001204613459113383 sci.space:1.3272284061951232E-5 
16136 sci.crypt sci.crypt:0.9969873589542241 sci.electronics:0.0017316469108810907 sci.space:0.001213738085057217 sci.med:6.725604983759165E-5 
16137 sci.crypt sci.med:0.9960315837121092 sci.electronics:0.0035347736117401227 sci.crypt:3.195397452409368E-4 sci.space:1.1410293090971052E-4 
16138 sci.crypt sci.electronics:0.9158671392921234 sci.med:0.0745530230357332 sci.crypt:0.006001626682865701 sci.space:0.003578210989277522 
16139 sci.crypt sci.crypt:0.9963678715895798 sci.space:0.002861779543941505 sci.med:5.796572096321085E-4 sci.electronics:1.9069165684659005E-4 
16140 sci.crypt sci.crypt:0.9953485452756322 sci.electronics:0.004504002569685867 sci.space:9.566257782293618E-5 sci.med:5.178957685873134E-5 
16141 sci.crypt sci.med:0.3479916301214329 sci.electronics:0.31429641085148957 sci.space:0.24324163862516487 sci.crypt:0.09447032040191267 
16142 sci.crypt sci.crypt:0.91230185102254 sci.med:0.07427623348759867 sci.electronics:0.00828802017420467 sci.space:0.005133895315656395 
16143 sci.crypt sci.crypt:0.8881109088569833 sci.electronics:0.046884267615512044 sci.space:0.035135281027693935 sci.med:0.029869542499810626 
16144 sci.crypt sci.crypt:0.9780118521738839 sci.electronics:0.020368238021503202 sci.space:0.0014242441734955613 sci.med:1.95665631117182E-4 
16145 sci.crypt sci.crypt:0.9976321181585932 sci.electronics:0.002247387372544667 sci.space:1.041038156390481E-4 sci.med:1.6390653223085636E-5 
16146 sci.crypt sci.crypt:0.7139557333302494 sci.med:0.22493634126254206 sci.electronics:0.03773195720434778 sci.space:0.023375968202860725 
16147 sci.crypt sci.crypt:0.7478477347955301 sci.med:0.21287040296365617 sci.space:0.0388450072557661 sci.electronics:4.3685498504746995E-4 
16148 sci.crypt sci.crypt:0.999355623215625 sci.space:5.896142938608983E-4 sci.med:3.2173267155951636E-5 sci.electronics:2.2589223358141614E-5 
16149 sci.crypt sci.crypt:0.9825396794144701 sci.electronics:0.012022588228143562 sci.space:0.0034390672064780626 sci.med:0.0019986651509082275 
16150 sci.crypt sci.crypt:0.724611122606409 sci.electronics:0.24836486113331843 sci.space:0.023750645503013194 sci.med:0.003273370757259393 
16151 sci.crypt sci.crypt:0.9742727450185784 sci.electronics:0.014514029249892955 sci.med:0.008997736632854103 sci.space:0.0022154890986746 
16152 sci.crypt sci.crypt:0.9997275990454814 sci.med:2.439844907898607E-4 sci.electronics:2.6421260451181242E-5 sci.space:1.995203277558244E-6 
16165 sci.crypt sci.crypt:0.9999999674939406 sci.space:3.00213486580882E-8 sci.electronics:2.4581155436641187E-9 sci.med:2.6595196810271053E-11 
16279 sci.crypt sci.crypt:0.9999999979635292 sci.electronics:2.033144221489933E-9 sci.med:1.961678127622762E-12 sci.space:1.3647149065546096E-12 
16344 sci.crypt sci.crypt:0.5014997595417459 sci.electronics:0.4589045041868666 sci.space:0.025308571317075073 sci.med:0.014287164954312393 
16345 sci.crypt sci.crypt:0.9999834766945729 sci.electronics:1.5535248470304647E-5 sci.med:9.873054199113292E-7 sci.space:7.515367427959159E-10 
16347 sci.crypt sci.crypt:0.9997363253127948 sci.space:2.4860689886803633E-4 sci.med:1.3615661282015589E-5 sci.electronics:1.4521270553213726E-6 
16348 sci.crypt sci.crypt:0.8030022790592913 sci.electronics:0.10653332972955638 sci.med:0.05250564567743731 sci.space:0.037958745533715005 
16351 sci.crypt sci.crypt:0.7350175628968828 sci.electronics:0.2106172651020444 sci.med:0.03517282977640043 sci.space:0.01919234222467248 
16352 sci.crypt sci.crypt:0.999986269191388 sci.med:8.449565117558455E-6 sci.electronics:5.2061507166231365E-6 sci.space:7.509277784112972E-8 
16353 sci.crypt sci.electronics:0.6319352280076567 sci.med:0.16793236699414282 sci.space:0.13842406327383322 sci.crypt:0.061708341724367115 
16354 sci.crypt sci.crypt:0.9999908208309203 sci.electronics:7.4668262610201176E-6 sci.space:1.5466083503574E-6 sci.med:1.6573446829338672E-7 
16355 sci.crypt sci.crypt:0.9999716511758289 sci.space:1.6341336563537095E-5 sci.electronics:1.1493916701370742E-5 sci.med:5.135709062385503E-7 
16356 sci.crypt sci.crypt:0.9137831806375337 sci.space:0.05141152308079452 sci.med:0.03471268125818185 sci.electronics:9.261502348981789E-5 
16357 sci.crypt sci.crypt:0.5872238564876454 sci.space:0.23147921280121989 sci.med:0.13340588270258902 sci.electronics:0.047891048008545746 
16358 sci.crypt sci.crypt:0.9999393370126497 sci.space:3.984209531731131E-5 sci.med:2.0494040994061607E-5 sci.electronics:3.2685103897441474E-7 
16359 sci.crypt sci.crypt:0.9999996073406981 sci.space:3.923709274383339E-7 sci.electronics:1.654569033199112E-10 sci.med:1.229175584624083E-10 
54283 sci.electronics sci.electronics:0.9210195665847315 sci.space:0.05467929730051898 sci.med:0.012679804672618204 sci.crypt:0.011621331442131356 
54284 sci.electronics sci.electronics:0.8678036502242673 sci.crypt:0.054549958671347085 sci.space:0.049910523818274 sci.med:0.027735867286111656 
54285 sci.electronics sci.electronics:0.9991917040077077 sci.crypt:3.2040222115989645E-4 sci.med:3.0306503637629356E-4 sci.space:1.8482873475592074E-4 
54286 sci.electronics sci.electronics:0.981521148327986 sci.space:0.008262119451849568 sci.med:0.005481518017755557 sci.crypt:0.00473521420240879 
54287 sci.electronics sci.electronics:0.9611608335289454 sci.crypt:0.017463115440318623 sci.space:0.014392128422595069 sci.med:0.006983922608140924 
54288 sci.electronics sci.electronics:0.8271906088105403 sci.space:0.08242060718619951 sci.med:0.07340147551470813 sci.crypt:0.01698730848855208 
54289 sci.electronics sci.electronics:0.8478188356807163 sci.med:0.12141310710143985 sci.crypt:0.019477268779565533 sci.space:0.01129078843827848 
54290 sci.electronics sci.electronics:0.9627297675815589 sci.crypt:0.01379381411326567 sci.med:0.013783824902286858 sci.space:0.009692593402888413 
54291 sci.electronics sci.electronics:0.9841867843569155 sci.crypt:0.00650621961539563 sci.med:0.00633861129277092 sci.space:0.002968384734917831 
54292 sci.electronics sci.electronics:0.9900519890410207 sci.crypt:0.009185635361106191 sci.med:6.977301913487372E-4 sci.space:6.464540652443578E-5 
54293 sci.electronics sci.electronics:0.997981866218085 sci.crypt:0.0019735895242417225 sci.med:3.8393928219013076E-5 sci.space:6.150329454307633E-6 
54294 sci.electronics sci.electronics:0.9940274604530871 sci.med:0.004162600293016096 sci.crypt:0.0017597470638650843 sci.space:5.0192190031698104E-5 
54295 sci.electronics sci.electronics:0.9986876246593474 sci.crypt:0.0011379567777891402 sci.med:1.5532591809726658E-4 sci.space:1.9092644766228404E-5 
54296 sci.electronics sci.electronics:0.8285260459626678 sci.crypt:0.08233047013454475 sci.med:0.059629270228082655 sci.space:0.02951421367470462 
54297 sci.electronics sci.electronics:0.8340437490682222 sci.med:0.11466126863556662 sci.space:0.037024463126647825 sci.crypt:0.014270519169563392 
54298 sci.electronics sci.electronics:0.5029264258908801 sci.med:0.22990783790582306 sci.space:0.2182870525097138 sci.crypt:0.04887868369358315 
54299 sci.electronics sci.electronics:0.9712448550305044 sci.space:0.01519006493489442 sci.med:0.008311681100580757 sci.crypt:0.005253398934020472 
54300 sci.electronics sci.electronics:0.8587527403631534 sci.med:0.12581862540197336 sci.space:0.008930494152813936 sci.crypt:0.006498140082059343 
54301 sci.electronics sci.electronics:0.6532509594329742 sci.space:0.27853768085225966 sci.med:0.05123824455793686 sci.crypt:0.01697311515682934 
54302 sci.electronics sci.electronics:0.9924978688534865 sci.med:0.005955929798611961 sci.crypt:0.001388702692601974 sci.space:1.5749865529969317E-4 
54303 sci.electronics sci.electronics:0.7564696744191599 sci.med:0.15255646309666762 sci.space:0.07979663818120238 sci.crypt:0.01117722430296988 
54304 sci.electronics sci.med:0.807815526892729 sci.space:0.09707001364726257 sci.electronics:0.058313137500702814 sci.crypt:0.03680132195930559 
54305 sci.electronics sci.space:0.3809858210399543 sci.electronics:0.2978852972727009 sci.med:0.23439150057405866 sci.crypt:0.08673738111328598 
54306 sci.electronics sci.med:0.8342150356548971 sci.crypt:0.11265989405811827 sci.electronics:0.04093393942753244 sci.space:0.012191130859452233 
54307 sci.electronics sci.med:0.3374112491275463 sci.crypt:0.2868072539309004 sci.space:0.2619452609667469 sci.electronics:0.11383623597480642 
54308 sci.electronics sci.electronics:0.980034852429903 sci.space:0.014597025777383553 sci.med:0.0038914067210327414 sci.crypt:0.0014767150716805727 
54309 sci.electronics sci.electronics:0.9810492615336286 sci.space:0.012794767175217549 sci.med:0.004548534626767012 sci.crypt:0.001607436664386851 
54310 sci.electronics sci.electronics:0.9663044859953388 sci.med:0.03223471059447871 sci.space:8.714623976509468E-4 sci.crypt:5.893410125316384E-4 
54311 sci.electronics sci.electronics:0.53370423925157 sci.space:0.22242713022521277 sci.crypt:0.1705123828287474 sci.med:0.07335624769446995 
54312 sci.electronics sci.electronics:0.9990436430402023 sci.med:8.99198449944793E-4 sci.space:5.261015536347929E-5 sci.crypt:4.54835448926334E-6 
54313 sci.electronics sci.electronics:0.9999995864320798 sci.crypt:2.4347039019276615E-7 sci.med:1.6498957364415186E-7 sci.space:5.107956308960768E-9 
54314 sci.electronics sci.electronics:0.9419493122305518 sci.space:0.04356098880328428 sci.crypt:0.00790727107098334 sci.med:0.0065824278951806285 
54315 sci.electronics sci.electronics:0.8013140047718653 sci.space:0.19191531192131286 sci.med:0.005107996229634836 sci.crypt:0.0016626870771870822 
54316 sci.electronics sci.electronics:0.9577961464552393 sci.med:0.022068598288704225 sci.space:0.014378846886598509 sci.crypt:0.005756408369457957 
54317 sci.electronics sci.electronics:0.9550019353880893 sci.med:0.028402885899049875 sci.crypt:0.015340627466448223 sci.space:0.0012545512464127106 
54318 sci.electronics sci.space:0.9028356628645707 sci.med:0.07444453235404763 sci.crypt:0.021577395149970795 sci.electronics:0.0011424096314109214 
54319 sci.electronics sci.electronics:0.3634909528375514 sci.crypt:0.24417159109428163 sci.med:0.2070042872705196 sci.space:0.18533316879764727 
54320 sci.electronics sci.electronics:0.7063965168160876 sci.space:0.10495684617585242 sci.med:0.09612974044405882 sci.crypt:0.09251689656400114 
54321 sci.electronics sci.electronics:0.750128236670408 sci.med:0.17723298304353222 sci.space:0.05268464870794904 sci.crypt:0.019954131578110917 
54322 sci.electronics sci.space:0.6182055227890114 sci.electronics:0.22854498395886433 sci.crypt:0.09166141484030108 sci.med:0.06158807841182323 
54323 sci.electronics sci.med:0.9864581896401862 sci.electronics:0.007171076909738031 sci.space:0.0033420399406065672 sci.crypt:0.003028693509469206 
54324 sci.electronics sci.electronics:0.6014042887679555 sci.space:0.13497209297941237 sci.med:0.1333759107712291 sci.crypt:0.13024770748140296 
54325 sci.electronics sci.electronics:0.9254594394330226 sci.med:0.057161830817455184 sci.crypt:0.012563991566534385 sci.space:0.004814738182987845 
54326 sci.electronics sci.space:0.6021827612310258 sci.electronics:0.3935038484773574 sci.crypt:0.0025426496297895713 sci.med:0.0017707406618272961 
54327 sci.electronics sci.electronics:0.98831901214661 sci.med:0.00954737333593938 sci.crypt:0.0017141734227355799 sci.space:4.1944109471497756E-4 
54328 sci.electronics sci.electronics:0.9989968768561143 sci.crypt:6.642417340254415E-4 sci.med:2.940034502826421E-4 sci.space:4.487795957768564E-5 
54329 sci.electronics sci.space:0.6034546117060697 sci.med:0.16566485129153052 sci.electronics:0.14740453723021094 sci.crypt:0.08347599977218889 
54330 sci.electronics sci.electronics:0.999793114371991 sci.crypt:2.0437940630393194E-4 sci.space:2.4116696207564297E-6 sci.med:9.455208435689789E-8 
54331 sci.electronics sci.electronics:0.9999958791370118 sci.med:2.7301312604579067E-6 sci.crypt:1.1720906690095894E-6 sci.space:2.1864105865884754E-7 
54332 sci.electronics sci.med:0.5975133010687648 sci.electronics:0.3673003375832438 sci.crypt:0.02400862002296786 sci.space:0.011177741325023527 
54333 sci.electronics sci.electronics:0.9076503813114409 sci.med:0.0467996114483084 sci.space:0.028583265911053278 sci.crypt:0.016966741329197316 
54334 sci.electronics sci.electronics:0.7910361923493614 sci.med:0.20531774941115566 sci.crypt:0.003147185233668392 sci.space:4.988730058145222E-4 
54335 sci.electronics sci.electronics:0.8768146434114652 sci.med:0.06944138079006444 sci.crypt:0.03636388273287499 sci.space:0.01738009306559555 
54336 sci.electronics sci.electronics:0.9733600634232041 sci.space:0.01181040410503771 sci.med:0.009767242684126591 sci.crypt:0.005062289787631562 
54337 sci.electronics sci.electronics:0.5172438840751801 sci.med:0.27030833073855026 sci.space:0.14843094109063257 sci.crypt:0.06401684409563724 
54338 sci.electronics sci.med:0.48069074878042606 sci.electronics:0.3991080670324671 sci.space:0.08857576663054456 sci.crypt:0.031625417556562216 
54339 sci.electronics sci.electronics:0.8854038073468139 sci.med:0.07553071900294629 sci.space:0.03187749188069746 sci.crypt:0.007187981769542302 
54340 sci.electronics sci.electronics:0.9999866078321098 sci.med:4.944721506841762E-6 sci.space:4.863549584444982E-6 sci.crypt:3.5838967990334036E-6 
54341 sci.electronics sci.electronics:0.999999939396777 sci.crypt:5.333964466911E-8 sci.med:6.3132001521427586E-9 sci.space:9.503782033187882E-10 
54342 sci.electronics sci.electronics:0.9937443076196211 sci.med:0.005883817402202578 sci.crypt:2.2761455636169663E-4 sci.space:1.4426042181459427E-4 
54343 sci.electronics sci.electronics:0.9999999921679043 sci.crypt:5.4542284870029995E-9 sci.med:2.352560271420157E-9 sci.space:2.530692269372043E-11 
54344 sci.electronics sci.electronics:0.9810954354583704 sci.space:0.018550517513318057 sci.crypt:3.1442807168068917E-4 sci.med:3.961895663058178E-5 
54345 sci.electronics sci.electronics:0.9981329109059882 sci.crypt:0.0015722844017656027 sci.space:2.945690896993434E-4 sci.med:2.3560254690333305E-7 
54346 sci.electronics sci.electronics:0.745146801397203 sci.med:0.18414494290252442 sci.space:0.04286804959084736 sci.crypt:0.027840206109425013 
54347 sci.electronics sci.electronics:0.9999989433103095 sci.med:6.140054381208445E-7 sci.crypt:4.399355464447749E-7 sci.space:2.7487059882915964E-9 
54348 sci.electronics sci.electronics:0.9999968800137243 sci.med:2.8467144117713743E-6 sci.space:2.6940381901669385E-7 sci.crypt:3.868044943825527E-9 
54349 sci.electronics sci.electronics:0.8361495493964782 sci.crypt:0.09325590440545828 sci.med:0.06260441818817283 sci.space:0.00799012800989067 
54350 sci.electronics sci.space:0.7573180139981169 sci.electronics:0.1439492973599617 sci.med:0.050165725203358706 sci.crypt:0.048566963438562774 
54351 sci.electronics sci.electronics:0.6717779466921016 sci.med:0.25080965804792965 sci.crypt:0.04316662062805432 sci.space:0.0342457746319143 
54352 sci.electronics sci.electronics:0.9985588829636913 sci.crypt:5.436242861193034E-4 sci.med:5.314378238297622E-4 sci.space:3.660549263595276E-4 
54353 sci.electronics sci.electronics:0.9998982707621367 sci.crypt:1.0112886523815352E-4 sci.space:5.999837539830549E-7 sci.med:3.888711501630948E-10 
54473 sci.electronics sci.electronics:0.9999301102266984 sci.crypt:6.953779918513781E-5 sci.space:3.08809825669631E-7 sci.med:4.3164290817667455E-8 
54474 sci.electronics sci.electronics:0.999974743167577 sci.crypt:2.430534585180267E-5 sci.space:8.19903088214626E-7 sci.med:1.3158348303125943E-7 
54477 sci.electronics sci.electronics:0.9694043400562339 sci.crypt:0.029187317260531902 sci.med:0.001276214951681977 sci.space:1.3212773155207993E-4 
54478 sci.electronics sci.electronics:0.8726630204228326 sci.crypt:0.10031322691281155 sci.med:0.022675161071549405 sci.space:0.004348591592806514 
54479 sci.electronics sci.electronics:0.4855782912723686 sci.crypt:0.24253182187671993 sci.space:0.18668943556312909 sci.med:0.08520045128778239 
54480 sci.electronics sci.electronics:0.855411604930949 sci.med:0.09889682075383197 sci.crypt:0.038099925170388876 sci.space:0.007591649144830099 
54481 sci.electronics sci.electronics:0.9584777774681813 sci.med:0.024951637689086155 sci.crypt:0.015348447079346876 sci.space:0.0012221377633858577 
54482 sci.electronics sci.electronics:0.9738194526816679 sci.crypt:0.011489937913629508 sci.space:0.009002844353856261 sci.med:0.0056877650508462465 
54483 sci.electronics sci.electronics:0.9740004971839578 sci.space:0.012682926155748614 sci.med:0.008211738079495361 sci.crypt:0.005104838580798447 
54484 sci.electronics sci.space:0.49396138688735136 sci.electronics:0.36349401564692946 sci.crypt:0.1293661270123025 sci.med:0.013178470453416805 
54485 sci.electronics sci.electronics:0.9997177959382992 sci.crypt:2.1381194021017716E-4 sci.space:5.259225317759264E-5 sci.med:1.579986831308722E-5 
54486 sci.electronics sci.electronics:0.6214067127369571 sci.med:0.34242080748479653 sci.crypt:0.03508156493421162 sci.space:0.0010909148440346895 
54487 sci.electronics sci.electronics:0.8442699451491162 sci.med:0.150246664060432 sci.space:0.004981786099503631 sci.crypt:5.016046909482006E-4 
54488 sci.electronics sci.electronics:0.9177003603575723 sci.med:0.07970893351271302 sci.crypt:0.0014547622289685324 sci.space:0.0011359439007461972 
54489 sci.electronics sci.electronics:0.99999881132796 sci.med:7.150186901933957E-7 sci.space:3.301937689619849E-7 sci.crypt:1.4345958121181647E-7 
54490 sci.electronics sci.electronics:0.9999449857449906 sci.space:5.3140253020453035E-5 sci.med:1.7979215555571892E-6 sci.crypt:7.608043362630786E-8 
54491 sci.electronics sci.electronics:0.9747378121721528 sci.crypt:0.023805556959471376 sci.med:0.001232716278796795 sci.space:2.239145895790151E-4 
54492 sci.electronics sci.crypt:0.7782256360917794 sci.electronics:0.21912600791076783 sci.med:0.0025274752655710473 sci.space:1.2088073188175063E-4 
54493 sci.electronics sci.electronics:0.974597388166595 sci.space:0.009882350093372095 sci.med:0.008406310730927347 sci.crypt:0.0071139510091056705 
54494 sci.electronics sci.electronics:0.9999964093127357 sci.crypt:3.089512352168526E-6 sci.med:4.247159341855868E-7 sci.space:7.645897804929853E-8 
54495 sci.electronics sci.electronics:0.9884434325630997 sci.crypt:0.006198234437411682 sci.space:0.004665252860474922 sci.med:6.930801390136605E-4 
54496 sci.electronics sci.electronics:0.9962865159845021 sci.crypt:0.003455508102131487 sci.med:2.4077156668187984E-4 sci.space:1.720434668441411E-5 
54497 sci.electronics sci.electronics:0.6363827416898279 sci.med:0.3604287253936299 sci.space:0.002082471448408015 sci.crypt:0.001106061468134194 
54498 sci.electronics sci.electronics:0.2961780111619447 sci.crypt:0.26687381189718556 sci.space:0.24182334616612547 sci.med:0.19512483077474424 
54499 sci.electronics sci.med:0.6783107330980878 sci.electronics:0.27012816287020996 sci.space:0.031067407431013085 sci.crypt:0.02049369660068916 
54500 sci.electronics sci.electronics:0.9922895485876229 sci.crypt:0.005298754761168003 sci.med:0.00177652282980563 sci.space:6.351738214034335E-4 
54501 sci.electronics sci.electronics:0.9996473402531915 sci.crypt:2.208278446311731E-4 sci.space:1.2745432833675345E-4 sci.med:4.377573840650531E-6 
54502 sci.electronics sci.electronics:0.6118645062658888 sci.space:0.31873097708615644 sci.med:0.05544562390821033 sci.crypt:0.013958892739744398 
54503 sci.electronics sci.electronics:0.9999974597609063 sci.space:2.3746590335199226E-6 sci.med:1.6049040326258523E-7 sci.crypt:5.0896571996247846E-9 
59540 sci.med sci.med:0.7352399614162733 sci.space:0.15627848033809144 sci.crypt:0.06538553355981065 sci.electronics:0.04309602468582465 
59541 sci.med sci.electronics:0.5024617135613985 sci.med:0.4719281988568649 sci.crypt:0.02436882926279392 sci.space:0.0012412583189428225 
59542 sci.med sci.med:0.996657869243919 sci.space:0.003341794605982073 sci.crypt:3.241677197294916E-7 sci.electronics:1.1982379159565492E-8 
59543 sci.med sci.med:0.9419552922572267 sci.space:0.04270684947214135 sci.electronics:0.011285713550132572 sci.crypt:0.004052144720499523 
59544 sci.med sci.med:0.9999994257828431 sci.crypt:3.8339405829167177E-7 sci.space:1.8821346704897994E-7 sci.electronics:2.609631658613458E-9 
59545 sci.med sci.med:0.8567224539134494 sci.crypt:0.08295049894431689 sci.space:0.033891823034413404 sci.electronics:0.026435224107820354 
59546 sci.med sci.med:0.9999999890173698 sci.crypt:9.733042676038152E-9 sci.space:1.0610872099530425E-9 sci.electronics:1.885004483207687E-10 
59547 sci.med sci.med:0.9016804047408703 sci.electronics:0.0856825685447262 sci.space:0.011902624974248445 sci.crypt:7.344017401550005E-4 
59548 sci.med sci.med:0.9999999919205672 sci.space:8.078645018576256E-9 sci.crypt:7.858586693159323E-13 sci.electronics:1.900279832828883E-15 
59549 sci.med sci.med:0.999953932750361 sci.electronics:2.2262088611903688E-5 sci.crypt:1.2984120547002393E-5 sci.space:1.0821040480158378E-5 
59550 sci.med sci.med:0.9983512509740885 sci.space:0.0015985172189310897 sci.crypt:5.016810569620089E-5 sci.electronics:6.37012842497304E-8 
59551 sci.med sci.med:0.8737402436020698 sci.crypt:0.0620355487983866 sci.space:0.043343459995528175 sci.electronics:0.020880747604015402 
59552 sci.med sci.electronics:0.6006308586875023 sci.med:0.2715634268700647 sci.space:0.09388044156447886 sci.crypt:0.03392527287795422 
59553 sci.med sci.med:0.9999999998964753 sci.crypt:5.4881869229253845E-11 sci.space:2.443346336449616E-11 sci.electronics:2.4209214616517923E-11 
59554 sci.med sci.med:1.0 sci.crypt:2.798828843084247E-47 sci.space:6.932650511837223E-48 sci.electronics:1.4970894695096549E-50 
59555 sci.med sci.med:0.9068462177108163 sci.electronics:0.07546135752822182 sci.crypt:0.011814698130070824 sci.space:0.005877726630891055 
59556 sci.med sci.med:0.9165340661950095 sci.space:0.04996420020722554 sci.electronics:0.02220194783809273 sci.crypt:0.011299785759672233 
59557 sci.med sci.med:0.9999951995722993 sci.space:4.106516841046011E-6 sci.crypt:3.539771335007964E-7 sci.electronics:3.39933726223349E-7 
59558 sci.med sci.med:0.9625272923463266 sci.electronics:0.02760166089459868 sci.space:0.00643028305819328 sci.crypt:0.003440763700881293 
59559 sci.med sci.med:0.9999991454601173 sci.electronics:5.275069105107526E-7 sci.crypt:2.501142520706091E-7 sci.space:7.69187200496593E-8 
59560 sci.med sci.med:0.9999997934489082 sci.crypt:2.0500400160043424E-7 sci.space:1.5453030399990133E-9 sci.electronics:1.787019252099619E-12 
59561 sci.med sci.electronics:0.6387174146322113 sci.med:0.2866538049050029 sci.crypt:0.06724962248405902 sci.space:0.007379157978726541 
59562 sci.med sci.electronics:0.6518839460884731 sci.med:0.32444431469603663 sci.crypt:0.01379447199347226 sci.space:0.009877267222018113 
59563 sci.med sci.med:0.9802243996510075 sci.crypt:0.012352426535897474 sci.electronics:0.0066336832030194585 sci.space:7.894906100756464E-4 
59564 sci.med sci.med:0.6230210696857165 sci.space:0.20930693069401027 sci.crypt:0.1064447674188168 sci.electronics:0.0612272322014565 
59565 sci.med sci.med:0.9990658414647329 sci.crypt:8.127165357631565E-4 sci.space:1.0376495737655712E-4 sci.electronics:1.7677042127282027E-5 
59566 sci.med sci.med:0.8824757890642757 sci.electronics:0.09001191187789219 sci.space:0.0231957278277243 sci.crypt:0.004316571230107837 
59567 sci.med sci.med:0.7965415779167725 sci.space:0.14811240103274528 sci.crypt:0.040208956908059715 sci.electronics:0.015137064142422637 
59568 sci.med sci.med:0.7195194172320932 sci.space:0.13075885077349267 sci.crypt:0.07638919158802454 sci.electronics:0.07333254040638955 
59569 sci.med sci.med:0.970044626798754 sci.space:0.018581907758483934 sci.electronics:0.009054088540807727 sci.crypt:0.00231937690195413 
59570 sci.med sci.med:0.9999915219291104 sci.crypt:7.681733910067869E-6 sci.space:6.499379386826204E-7 sci.electronics:1.4639904099277685E-7 
59571 sci.med sci.med:0.9998150793391871 sci.electronics:1.7615456936742664E-4 sci.space:4.992910304190115E-6 sci.crypt:3.7731811413695234E-6 
59572 sci.med sci.med:0.9998597599880256 sci.crypt:7.451049085162507E-5 sci.space:5.82413386746975E-5 sci.electronics:7.488182448253734E-6 
59573 sci.med sci.med:0.9999999148953927 sci.crypt:4.825794243140071E-8 sci.electronics:3.0505560540383E-8 sci.space:6.341104294831704E-9 
59574 sci.med sci.med:0.9999996383791352 sci.space:3.5320877254760147E-7 sci.electronics:8.245507775174128E-9 sci.crypt:1.6658438840413455E-10 
59575 sci.med sci.med:0.8880611064554123 sci.electronics:0.05815956648588073 sci.space:0.047898564185162563 sci.crypt:0.005880762873544547 
59576 sci.med sci.med:0.9999999998432845 sci.space:1.0770293298074588E-10 sci.crypt:4.9011919756220106E-11 sci.electronics:7.20790308052324E-16 
59577 sci.med sci.med:0.9995520495824161 sci.crypt:3.0715297777483683E-4 sci.space:1.3508126280186336E-4 sci.electronics:5.716177007383742E-6 
59578 sci.med sci.med:0.9706641044153744 sci.electronics:0.0177258853947171 sci.space:0.010302761508125374 sci.crypt:0.0013072486817830525 
59579 sci.med sci.med:0.968190855923203 sci.electronics:0.02801628330501654 sci.crypt:0.00344376710913746 sci.space:3.4909366264305975E-4 
59580 sci.med sci.med:0.9999518706118763 sci.crypt:4.6269092701768144E-5 sci.space:1.837143602615639E-6 sci.electronics:2.315181940808871E-8 
59581 sci.med sci.med:0.9999999722223275 sci.crypt:1.701995450671729E-8 sci.electronics:6.262681432943539E-9 sci.space:4.495036587144696E-9 
59582 sci.med sci.med:0.9999964792966918 sci.electronics:3.3818591665757318E-6 sci.space:7.364900618422209E-8 sci.crypt:6.519513541772744E-8 
59583 sci.med sci.med:0.9991809750658035 sci.electronics:6.779572860416511E-4 sci.crypt:1.1915685268651534E-4 sci.space:2.1910795468334085E-5 
59584 sci.med sci.med:0.9963558940790317 sci.space:0.0027008655404712986 sci.electronics:5.403501099080721E-4 sci.crypt:4.028902705890627E-4 
59585 sci.med sci.med:0.9999999774816172 sci.crypt:1.722719889006036E-8 sci.space:4.042456311771696E-9 sci.electronics:1.248727672747251E-9 
59586 sci.med sci.med:0.9155295583038886 sci.crypt:0.04007292361158102 sci.electronics:0.033681343903928664 sci.space:0.010716174180601796 
59587 sci.med sci.med:0.9290640944397315 sci.electronics:0.03523581502355371 sci.space:0.021385748004950692 sci.crypt:0.014314342531763962 
59588 sci.med sci.med:0.5917383754370105 sci.electronics:0.1901587423721888 sci.space:0.14428824331430742 sci.crypt:0.0738146388764932 
59589 sci.med sci.med:0.949270361204136 sci.electronics:0.04355543642533515 sci.crypt:0.004465583881298115 sci.space:0.002708618489230702 
59590 sci.med sci.electronics:0.5269845705325457 sci.med:0.23467994472404421 sci.space:0.17997541755881502 sci.crypt:0.05836006718459526 
59591 sci.med sci.med:0.999880524670985 sci.crypt:1.1695860830958143E-4 sci.electronics:1.3571525803205484E-6 sci.space:1.1595681250387706E-6 
59592 sci.med sci.med:0.9998310189907667 sci.space:1.1215146488450007E-4 sci.electronics:4.004144997344697E-5 sci.crypt:1.6788094375367024E-5 
59593 sci.med sci.med:0.5486094473491508 sci.electronics:0.3008516171922679 sci.space:0.08420440181467077 sci.crypt:0.06633453364391065 
59594 sci.med sci.med:0.9724356534832254 sci.crypt:0.026368313984104563 sci.space:7.427509382696356E-4 sci.electronics:4.5328159440032257E-4 
59595 sci.med sci.med:0.4417094668793292 sci.space:0.2942508593300308 sci.electronics:0.17146603325009413 sci.crypt:0.09257364054054582 
59596 sci.med sci.med:0.5106997646602882 sci.electronics:0.4119492001048778 sci.crypt:0.04728613861272952 sci.space:0.030064896622104525 
59597 sci.med sci.med:0.9934834928949832 sci.electronics:0.0049294285026685765 sci.crypt:8.335730016945878E-4 sci.space:7.535056006536745E-4 
59598 sci.med sci.med:0.9999629288605157 sci.crypt:3.6616582547551054E-5 sci.space:4.3390366142650304E-7 sci.electronics:2.065327526017569E-8 
59599 sci.med sci.med:0.9986039439525372 sci.crypt:8.368115911082882E-4 sci.electronics:3.703928172228265E-4 sci.space:1.888516391317409E-4 
59600 sci.med sci.med:0.9912358064074123 sci.electronics:0.00730369719688677 sci.space:8.550949427859996E-4 sci.crypt:6.054014529148388E-4 
59601 sci.med sci.med:0.9999999999999594 sci.crypt:3.726958996131821E-14 sci.electronics:2.070785652159757E-15 sci.space:1.2870153789458412E-15 
59602 sci.med sci.med:0.9999999999999858 sci.crypt:7.994760444419041E-15 sci.space:6.231381471475267E-15 sci.electronics:3.990460778101769E-20 
59603 sci.med sci.med:0.999935981505497 sci.electronics:3.0208979897721707E-5 sci.crypt:2.1694704542055948E-5 sci.space:1.2114810063167923E-5 
59604 sci.med sci.med:0.9709654562460242 sci.crypt:0.026628197453539577 sci.space:0.0020622209655417408 sci.electronics:3.441253348944993E-4 
59605 sci.med sci.med:0.9980152805788712 sci.space:0.0013422200963215329 sci.crypt:6.36008727986556E-4 sci.electronics:6.490596820615927E-6 
59606 sci.med sci.med:0.998453734245082 sci.space:0.0011482141977888615 sci.crypt:1.9988648928483805E-4 sci.electronics:1.9816506784425396E-4 
59615 sci.med sci.med:0.9999926308940152 sci.electronics:4.539451748502424E-6 sci.crypt:1.434105071964135E-6 sci.space:1.395549164131589E-6 
59616 sci.med sci.med:0.999999819099492 sci.crypt:1.195080827522275E-7 sci.electronics:5.9358554899023643E-8 sci.space:2.0338704383504E-9 
59617 sci.med sci.med:0.9999999898579458 sci.crypt:6.66541728060755E-9 sci.space:2.564552564960095E-9 sci.electronics:9.120844173367607E-10 
59619 sci.med sci.space:0.47837249774652696 sci.electronics:0.25078773902610735 sci.med:0.13657442208601583 sci.crypt:0.13426534114134997 
59620 sci.med sci.med:0.7774600956303241 sci.electronics:0.17037602705066413 sci.space:0.04723668828392291 sci.crypt:0.004927189035088997 
59621 sci.med sci.electronics:0.9647209277252498 sci.med:0.02065873664043647 sci.crypt:0.012312488641622788 sci.space:0.002307846992691033 
59622 sci.med sci.electronics:0.9890930252483203 sci.med:0.008782515617894053 sci.crypt:0.0011319249054766404 sci.space:9.925342283088252E-4 
59623 sci.med sci.med:0.9494794064347268 sci.space:0.03749565692426442 sci.crypt:0.01289794444263607 sci.electronics:1.269921983725378E-4 
59624 sci.med sci.med:0.6918729952662036 sci.electronics:0.2803935059750225 sci.crypt:0.025313122131458313 sci.space:0.0024203766273156076 
59625 sci.med sci.med:0.9698487601293848 sci.crypt:0.026847604796897143 sci.space:0.002121216312995041 sci.electronics:0.001182418760723119 
